0.29791,0.75198
0.31327,0.75063
0.28517,0.74368
0.32175,0.75046
0.34097,0.74478
0.29963,0.73816
0.28521,0.73812
0.36835,0.73972
0.37925,0.73518
0.37064,0.73598
0.31588,0.73301
0.38726,0.73239
0.3505,0.72878
0.34235,0.7265
0.383,0.72133
0.43923,0.72074
0.4363,0.72068
0.44188,0.71913
0.44902,0.71464
0.39866,0.71628
0.4161,0.71359
0.41217,0.71122
0.4737,0.71272
0.48249,0.7093
0.44577,0.70563
0.47164,0.70153
0.45461,0.70085
0.53762,0.70365
0.52851,0.70393
0.53588,0.69712
0.54082,0.6935
0.49531,0.69647
0.53789,0.69046
0.53111,0.69175
0.56957,0.68964
0.5921,0.69249
0.60263,0.68795
0.54632,0.68752
0.62557,0.68646
0.61746,0.68809
0.63358,0.68282
0.62928,0.68665
0.65015,0.67877
0.62401,0.67887
0.64979,0.6753
0.67721,0.67849
0.68802,0.67718
0.69411,0.68109
0.68683,0.67536
0.69699,0.67263
0.72268,0.67055
0.68875,0.66885
0.73412,0.66938
0.72877,0.66477
0.7164,0.66696
0.75967,0.66484
0.72758,0.66607
0.71215,0.66561
0.79213,0.66362
0.79795,0.66567
0.80161,0.66407
0.74713,0.66223
0.76036,0.65547
0.75431,0.66012
0.77015,0.65635
0.8495,0.65516
0.83091,0.65991
0.78435,0.6516
0.81452,0.65486
0.85078,0.6528
0.88223,0.65241
0.85,0.65224
0.89107,0.64943
0.88201,0.65002
0.84194,0.64737
0.84538,0.64843
0.8777,0.64676
0.92916,0.64247
0.93681,0.64709
0.91557,0.64554
0.9592,0.64697
0.93631,0.64561
0.97559,0.6381
0.93173,0.64319
0.93956,0.64022
0.99221,0.63954
0.93782,0.63814
0.93534,0.64027
0.99271,0.63667
1.0301,0.63384
1.0166,0.63851
1.0334,0.6363
1.039,0.63576
1.0175,0.63395
1.0102,0.6321
0.99963,0.63418
1.0819,0.63328
1.0737,0.63196
1.0288,0.63489
1.098,0.62973
1.0487,0.62717
1.1109,0.63044
1.1208,0.63084
1.1231,0.62767
1.1011,0.62853
1.0901,0.62899
1.1421,0.62483
1.1358,0.62413
1.1477,0.62319
1.1697,0.62438
1.1757,0.62408
1.1046,0.62348
1.1352,0.62468
1.1213,0.62315
1.1276,0.6227
1.1957,0.61895
1.2234,0.61985
1.2035,0.62251
1.1926,0.61877
1.1633,0.61645
1.1653,0.61879
1.2539,0.61697
1.2263,0.61896
1.199,0.61718
1.2348,0.62137
1.2764,0.61924
1.2135,0.61809
1.2167,0.61693
1.2985,0.61397
1.2936,0.61411
1.2374,0.61479
1.3228,0.61164
1.2646,0.61222
1.26,0.6127
1.3193,0.6127
1.3541,0.61064
1.2833,0.60934
1.3564,0.60894
1.3409,0.61044
1.3736,0.60804
1.3865,0.61093
1.3779,0.61318
1.3372,0.60964
1.3408,0.6091
1.401,0.60652
1.4336,0.60689
1.4301,0.60695
1.3855,0.6031
1.4363,0.60524
1.3806,0.60705
1.4274,0.60484
1.4491,0.60349
1.4762,0.60437
1.4749,0.60263
1.4745,0.60488
1.4958,0.59891
1.4402,0.60276
1.4652,0.6016
1.4352,0.60227
1.4436,0.60287
1.4714,0.60016
1.5208,0.59868
1.4971,0.598
1.5311,0.5997
1.5542,0.60044
1.5669,0.60188
1.4994,0.59993
1.5674,0.59516
1.5131,0.5981
1.5769,0.59638
1.5911,0.5988
1.6015,0.59816
1.6207,0.5957
1.5647,0.59572
1.602,0.59764
1.6177,0.59565
1.6284,0.59586
1.6573,0.59663
1.5868,0.59824
1.6056,0.59516
1.5985,0.59215
1.6744,0.59212
1.6783,0.59394
1.6205,0.59413
1.6707,0.5915
1.6259,0.59268
1.6438,0.59134
1.7076,0.59192
1.6725,0.59097
1.7113,0.59213
1.7374,0.58989
1.6661,0.58904
1.6676,0.58809
1.744,0.58918
1.6899,0.58904
1.7424,0.59028
1.7298,0.59411
1.759,0.5889
1.7071,0.58935
1.739,0.58822
1.7681,0.5895
1.7975,0.58802
1.8042,0.58989
1.75,0.5859
1.8178,0.58646
1.81,0.58797
1.8402,0.58871
1.8454,0.58552
1.7733,0.58695
1.8641,0.58454
1.8237,0.58578
1.8786,0.5867
1.8376,0.58642
1.8393,0.58472
1.8928,0.58523
1.8836,0.58556
1.822,0.58452
1.8379,0.58629
1.9076,0.58372
1.8424,0.58725
1.914,0.58494
1.9262,0.58355
1.9216,0.58415
1.9131,0.58489
1.8798,0.58312
1.8714,0.58375
1.9681,0.58188
1.8884,0.58246
1.9646,0.58245
1.8974,0.58274
1.9899,0.5828
1.9466,0.5796
1.9226,0.57933
1.9497,0.57991
1.9983,0.5825
2.0272,0.5774
2.0388,0.58004
1.979,0.57942
2.0359,0.58016
2.0379,0.57776
1.9741,0.57873
2.0573,0.57845
2.0493,0.57736
2.0651,0.57728
2.0591,0.57613
2.0491,0.5763
2.0444,0.58018
2.074,0.57803
2.1095,0.57468
2.0988,0.57578
2.087,0.57654
2.1149,0.57408
2.1408,0.57659
2.112,0.57787
2.0586,0.57511
2.0784,0.57601
2.0889,0.57698
2.1663,0.57613
2.1284,0.57459
2.1438,0.57569
2.1719,0.57469
2.1906,0.57411
2.1857,0.57084
2.1077,0.57352
2.2178,0.57325
2.1625,0.57227
2.1783,0.57145
2.2142,0.57578
2.2163,0.5707
2.2095,0.56899
2.1879,0.57028
2.2615,0.57107
2.2471,0.57063
2.1871,0.57379
2.2784,0.57244
2.2519,0.56894
2.2449,0.57036
2.2552,0.57158
2.2162,0.57213
2.2591,0.57046
2.3204,0.56888
2.2326,0.56812
2.2404,0.56915
2.2591,0.56739
2.3507,0.56879
2.3522,0.56986
2.28,0.56964
2.3873,0.5682
2.3877,0.56932
2.3712,0.56807
2.3629,0.56791
2.3428,0.56816
2.3994,0.56624
2.3495,0.57097
2.4053,0.5672
2.3999,0.56845
2.3992,0.56817
2.4829,0.56654
2.4255,0.56301
2.4765,0.56219
2.4727,0.56497
2.5358,0.5635
2.5155,0.56135
2.5978,0.56043
2.6525,0.56163
2.6082,0.56107
2.721,0.56274
2.7392,0.5591
2.7068,0.55909
2.7877,0.55823
2.8013,0.55858
2.9394,0.5586
2.9729,0.556
3.0227,0.55489
2.9838,0.55755
3.0017,0.55457
3.1141,0.55082
3.1095,0.55306
3.2737,0.54979
3.3445,0.5493
3.4313,0.54694
3.4313,0.54733
3.5343,0.54914
3.5506,0.54778
3.5333,0.54823
3.5391,0.54809
3.5759,0.54812
3.5388,0.55
3.5905,0.54702
3.5888,0.54813
3.6073,0.54986
3.6054,0.54822
3.5303,0.54398
3.5664,0.54951
3.5787,0.54531
3.6044,0.54805
3.6029,0.54737
3.5869,0.54854
3.64,0.55108
3.6364,0.54654
3.6383,0.54716
3.6544,0.54944
3.645,0.54724
3.6409,0.5497
3.5862,0.54716
3.6662,0.54648
3.6595,0.54597
3.6217,0.54573
3.6682,0.54723
3.6779,0.54473
3.6827,0.54836
3.726,0.54627
3.735,0.54639
3.7163,0.54663
3.7299,0.54464
3.76,0.54695
3.764,0.54662
3.6841,0.54596
3.7795,0.54579
3.7189,0.54699
3.7532,0.54591
3.714,0.54362
3.8053,0.54451
3.7259,0.54632
3.792,0.54288
3.748,0.54499
3.7435,0.54602
3.8427,0.54438
3.8537,0.54672
3.7932,0.54565
3.8395,0.54554
3.7845,0.54615
3.7869,0.54639
3.8242,0.54406
3.8736,0.54213
3.8855,0.54938
3.8364,0.546
3.8185,0.54591
3.8416,0.54524
3.8588,0.5441
3.8827,0.54179
3.9058,0.54727
3.8975,0.54417
3.865,0.54379
3.8578,0.5444
3.8719,0.5437
3.8803,0.54434
3.9566,0.54379
3.9569,0.54519
3.9261,0.54337
3.972,0.54506
3.9218,0.5455
3.963,0.54512
3.8942,0.54412
3.9225,0.54358
3.959,0.54199
3.9737,0.54426
3.9555,0.54477
3.9868,0.54226
3.9442,0.54483
3.9372,0.54276
3.9483,0.54315
3.9786,0.54306
4.005,0.54631
3.9608,0.54322
4.0186,0.54426
4.0273,0.54096
3.9625,0.5432
3.9775,0.54512
4.068,0.54404
4.0699,0.54443
4.0397,0.54422
4.0751,0.5446
4.0176,0.54314
4.0068,0.54657
4.0794,0.54309
4.0683,0.5446
4.0296,0.54513
4.0347,0.5422
4.0274,0.5445
4.1186,0.54366
4.1269,0.54415
4.0816,0.54381
4.058,0.54418
4.1261,0.54308
4.0619,0.54376
4.1224,0.54196
4.134,0.54335
4.0804,0.54257
4.0827,0.5441
4.1701,0.54335
4.1666,0.54302
4.1382,0.5436
4.1868,0.544
4.1235,0.54384
4.1236,0.5432
4.1558,0.54559
4.1592,0.5423
4.2116,0.54266
4.2209,0.54356
4.2246,0.54389
4.2313,0.54503
4.2208,0.54514
4.2184,0.5419
4.2117,0.54335
4.2467,0.54371
4.2195,0.54446
4.2095,0.54312
4.1778,0.54282
4.2588,0.54201
4.2563,0.54172
4.1897,0.54134
4.2855,0.54383
4.2342,0.54199
4.295,0.54252
4.2797,0.54035
4.2694,0.54083
4.2413,0.53971
4.2252,0.54143
4.2943,0.54299
4.2348,0.54064
4.3146,0.54035
4.3222,0.54107
4.3,0.54218
4.2536,0.54196
4.2566,0.53969
4.2689,0.54159
4.3493,0.54162
4.3064,0.53971
4.3443,0.54204
4.2953,0.54058
4.3021,0.54147
4.3626,0.54212
4.2952,0.54127
4.3935,0.54043
4.315,0.53955
4.3218,0.53863
4.321,0.54107
4.4093,0.54076
4.3264,0.54195
4.4236,0.54012
4.3361,0.53943
4.4329,0.54021
4.4017,0.54188
4.4294,0.54082
4.448,0.53735
4.4107,0.53776
4.3689,0.54014
4.4501,0.53941
4.3843,0.54072
4.3941,0.53845
4.4694,0.54302
4.4074,0.53929
4.4875,0.53945
4.48,0.53998
4.4201,0.53996
4.4423,0.53946
4.4276,0.5402
4.4755,0.53944
4.4344,0.54321
4.5267,0.54311
4.5277,0.5389
4.4593,0.53884
4.4633,0.53907
4.4818,0.54216
4.5077,0.54084
4.5617,0.54012
4.482,0.5417
4.4968,0.54141
4.5562,0.5399
4.4919,0.54217
4.5485,0.53907
4.5817,0.54165
4.5934,0.54001
4.5255,0.53921
4.5496,0.54151
4.558,0.53942
4.574,0.54032
4.56,0.54047
4.6129,0.538
4.6298,0.54054
4.5678,0.53847
4.6325,0.53865
4.642,0.53957
4.645,0.53963
4.6431,0.53941
4.6523,0.54018
4.5779,0.53938
4.6387,0.53954
4.6512,0.53853
4.6876,0.53902
4.6424,0.53869
4.6163,0.53904
4.6059,0.53881
4.6334,0.53879
4.6751,0.53873
4.7076,0.53929
4.6923,0.54051
4.7259,0.53959
4.7172,0.53864
4.7289,0.53843
4.7217,0.53864
4.6641,0.53749
4.735,0.53911
4.7253,0.539
4.7262,0.53653
4.7338,0.54014
4.7509,0.53997
4.7352,0.53884
4.7797,0.53977
4.7133,0.53863
4.7157,0.5385
4.7483,0.53847
4.711,0.53957
4.7242,0.53901
4.7415,0.53743
4.7653,0.53807
4.7413,0.53884
4.7853,0.53805
4.785,0.53875
4.8249,0.53677
4.7545,0.53727
4.7594,0.53865
4.8518,0.53723
4.8353,0.53872
4.8069,0.53989
4.8677,0.53743
4.8024,0.53936
4.8515,0.54096
4.7893,0.53863
4.8334,0.5389
4.8733,0.54012
4.8282,0.541
4.831,0.54107
4.8214,0.53935
4.9104,0.5383
4.8913,0.53853
4.9166,0.53993
4.8468,0.53909
4.9385,0.53805
4.9385,0.53985
4.8962,0.53965
4.9472,0.54074
4.895,0.54055
4.9508,0.53898
4.8959,0.53777
4.9244,0.53836
4.938,0.5393
4.9785,0.53937
4.966,0.54096
4.9525,0.53947
4.931,0.54203
4.9323,0.53917
4.9765,0.53876
5.0035,0.53754
4.9597,0.53683
5.0063,0.53777
4.9438,0.53775
5.0193,0.53949
4.9457,0.53844
5.0007,0.53937
4.9919,0.539
5.0329,0.54116
5.04,0.53698
4.9656,0.53875
5.0363,0.53673
5.0672,0.53909
5.0424,0.54045
5.0092,0.53996
5.0542,0.54035
5.0319,0.54001
5.0935,0.53924
5.0936,0.53835
5.1043,0.53719
5.0417,0.5399
5.0343,0.53947
5.077,0.53996
5.1322,0.53897
5.0656,0.5401
5.0596,0.53598
5.0692,0.53612
5.0886,0.53936
5.0995,0.54025
5.1144,0.53998
5.1615,0.53815
5.0931,0.5368
5.0918,0.53972
5.1208,0.54008
5.1567,0.53746
5.179,0.53758
5.1799,0.53825
5.1862,0.53686
5.1741,0.53845
5.1935,0.53797
5.1565,0.53896
5.2162,0.54066
5.205,0.53748
5.1527,0.5379
5.1968,0.53944
5.2023,0.53927
5.2057,0.5371
5.2464,0.53833
5.1581,0.54002
5.222,0.53784
5.2268,0.53691
5.2507,0.53768
5.1797,0.53863
5.2258,0.53908
5.2218,0.53879
5.2691,0.53972
5.2857,0.53938
5.2856,0.53734
5.2301,0.53704
5.2634,0.53689
5.2866,0.53989
5.241,0.54107
5.3217,0.53874
5.3242,0.53504
5.3328,0.53499
5.3073,0.53566
5.2943,0.53615
5.2748,0.53846
5.3337,0.53888
5.3548,0.53699
5.3238,0.53461
5.3753,0.53612
5.3199,0.53546
5.3822,0.53691
5.3494,0.53741
5.3397,0.53464
5.3406,0.53897
5.371,0.53531
5.396,0.53482
5.3748,0.53536
5.4061,0.53836
5.4012,0.53625
5.4245,0.53815
5.3746,0.53809
5.4521,0.5392
5.4138,0.53824
5.4601,0.53553
5.4783,0.53608
5.4619,0.5379
5.4797,0.53625
5.4872,0.53628
5.4122,0.53673
5.4989,0.53611
5.4994,0.53685
5.4522,0.53776
5.5222,0.53756
5.4675,0.53725
5.4544,0.53768
5.4778,0.53634
5.4553,0.53611
5.5151,0.53627
5.5272,0.53847
5.4754,0.53804
5.551,0.53621
5.5541,0.538
5.5254,0.53996
5.5908,0.53724
5.5544,0.53508
5.5154,0.53441
5.5848,0.53615
5.5222,0.53729
5.5263,0.53684
5.5952,0.53883
5.5841,0.53728
5.5432,0.53774
5.6347,0.53765
5.5602,0.53502
5.5982,0.5363
5.6564,0.53446
5.5894,0.53865
5.6223,0.53649
5.6504,0.53755
5.5866,0.53855
5.6799,0.5391
5.6406,0.53674
5.6611,0.5378
5.6159,0.536
5.6994,0.53557
5.6206,0.53576
5.6983,0.53393
5.6317,0.53564
5.705,0.53917
5.6768,0.53597
5.7015,0.53695
5.6472,0.53915
5.6715,0.53634
5.7443,0.53795
5.7089,0.53616
5.7488,0.53495
5.7113,0.53709
5.7626,0.5349
5.6843,0.53871
5.7627,0.53471
5.7175,0.53545
5.7761,0.5343
5.7845,0.53622
5.7358,0.53639
5.7977,0.53666
5.8013,0.53651
5.8087,0.53532
5.7502,0.53556
5.7878,0.53651
5.739,0.53538
5.7417,0.53752
5.7892,0.53647
5.7867,0.53761
5.8447,0.53645
5.845,0.53939
5.839,0.53727
5.8482,0.53478
5.8524,0.53671
5.7865,0.53694
5.7879,0.53665
5.8094,0.53488
5.808,0.53475
5.8046,0.53689
5.8571,0.53622
5.8564,0.53597
5.8939,0.53608
5.906,0.53576
5.851,0.53764
5.9144,0.53541
5.8299,0.53749
5.8775,0.53399
5.8767,0.53381
5.9293,0.53573
5.9229,0.53797
5.9043,0.53752
5.9559,0.53518
5.8933,0.5353
5.936,0.53512
5.9775,0.53568
5.9625,0.53387
5.9543,0.53565
5.9243,0.535
5.9884,0.53566
5.9877,0.53667
5.936,0.5376
5.9399,0.53503
6.0032,0.53665
