0.10088,0.70033
0.17843,0.68037
0.29006,0.68805
0.31373,0.68259
0.27912,0.68013
0.35159,0.67607
0.30975,0.67154
0.32902,0.67265
0.34051,0.66733
0.37481,0.66886
0.43771,0.66734
0.45452,0.66413
0.42883,0.66518
0.4764,0.65811
0.50804,0.65898
0.53698,0.65724
0.52402,0.65005
0.56765,0.65242
0.52951,0.65198
0.59553,0.6517
0.57218,0.65547
0.62131,0.65593
0.62516,0.64851
0.63097,0.64985
0.68605,0.64428
0.73701,0.64595
0.73275,0.64653
0.70958,0.64589
0.7203,0.64225
0.78833,0.64331
0.80019,0.63648
0.80065,0.6414
0.82908,0.63769
0.78737,0.63425
0.9033,0.63543
0.90389,0.63216
0.87825,0.63468
0.88805,0.63412
0.96222,0.63073
0.92761,0.62856
1.0066,0.63159
0.982,0.62904
1.0056,0.62986
1.0564,0.62161
1.0793,0.6264
1.021,0.62361
1.0908,0.62567
1.0482,0.6215
1.1234,0.62553
1.1441,0.62443
1.1583,0.62238
1.1302,0.619
1.1345,0.61978
1.1389,0.61794
1.1545,0.6206
1.2092,0.6174
1.2391,0.619
1.2456,0.61387
1.2672,0.61539
1.2849,0.61349
1.2196,0.61421
1.2422,0.61207
1.322,0.61398
1.2891,0.61655
1.3481,0.61508
1.2917,0.61294
1.34,0.61585
1.2969,0.613
1.3716,0.61149
1.3176,0.61775
1.3319,0.60946
1.3516,0.61163
1.3739,0.60824
1.4233,0.61098
1.4327,0.60831
1.4088,0.60985
1.4694,0.60395
1.4568,0.60259
1.5402,0.60672
1.5218,0.60237
1.5125,0.60563
1.5296,0.60687
1.5772,0.60725
1.5447,0.60703
1.6309,0.60868
1.6,0.60636
1.6474,0.60717
1.5957,0.6061
1.6346,0.60341
1.6463,0.60547
1.6303,0.60699
1.6202,0.60491
1.6969,0.60387
1.7185,0.60436
1.7265,0.60695
1.6585,0.6025
1.6736,0.60454
1.6711,0.6022
1.7521,0.60314
1.7662,0.60123
1.7086,0.59751
1.7958,0.60251
1.7551,0.60379
1.7726,0.59829
1.7863,0.60168
1.7856,0.59996
1.873,0.60203
1.8075,0.6006
1.8448,0.60232
1.8986,0.59404
1.9193,0.59764
1.8486,0.59631
1.8948,0.59497
1.9251,0.59678
1.935,0.59577
1.9631,0.59884
1.9416,0.60025
1.9222,0.59723
1.9168,0.59662
1.9881,0.59804
1.973,0.59659
2.0184,0.59633
2.022,0.59661
2.0229,0.59627
1.9928,0.59527
2.0245,0.59259
2.0079,0.59635
2.0235,0.59229
2.0729,0.59642
2.0939,0.59593
2.1187,0.59499
2.1164,0.59742
2.0932,0.59378
2.123,0.59089
2.1325,0.59589
2.1247,0.5925
2.1634,0.59546
2.1439,0.59247
2.1172,0.59162
2.1957,0.59176
2.2233,0.59156
2.1806,0.59154
2.2727,0.58885
2.2804,0.58726
2.2489,0.58883
2.2959,0.58944
2.2831,0.5879
2.3594,0.58367
2.3732,0.58401
2.3242,0.58655
2.401,0.58427
2.395,0.58661
2.3646,0.58752
2.366,0.58804
2.4203,0.58388
2.3832,0.58486
2.4606,0.58669
2.4689,0.58861
2.4127,0.58733
2.4869,0.58488
2.4861,0.58507
2.4366,0.58989
2.4318,0.58675
2.4789,0.58484
2.5204,0.58506
2.5101,0.58779
2.4607,0.58566
2.5437,0.58574
2.517,0.58421
2.49,0.58599
2.5458,0.59159
2.5575,0.58779
2.575,0.5866
2.5815,0.58686
2.5309,0.58704
2.5856,0.58707
2.5365,0.58557
2.5876,0.58441
2.6415,0.58824
2.6576,0.58527
2.6151,0.5873
2.6556,0.58848
2.6149,0.58545
2.6736,0.58456
2.6385,0.58642
2.6324,0.58393
2.6842,0.58709
2.7251,0.58311
2.67,0.58671
2.661,0.58621
2.7233,0.58352
2.7103,0.5869
2.6871,0.58605
2.7629,0.58502
2.697,0.584
2.708,0.58404
2.7949,0.58381
2.7965,0.5825
2.7264,0.58491
2.7898,0.58204
2.7718,0.58241
2.7589,0.5819
2.7562,0.58102
2.8462,0.58259
2.7711,0.58331
2.8586,0.58157
2.7993,0.57866
2.8422,0.582
2.8704,0.57973
2.8927,0.58267
2.9023,0.57962
2.8593,0.58221
2.9196,0.57585
2.8621,0.5818
2.8506,0.57988
2.9141,0.57886
2.9285,0.58266
2.9318,0.58222
2.9438,0.57982
2.8884,0.57841
2.9242,0.58003
2.9457,0.58168
2.9077,0.57522
2.9179,0.57869
2.9227,0.57755
2.9484,0.57863
2.9679,0.57705
2.9813,0.57681
3.0368,0.5764
3.0303,0.57936
2.9755,0.57816
3.0172,0.5756
3.0658,0.58014
3.0206,0.57704
3.0651,0.5784
3.1022,0.57339
3.0498,0.57776
3.0953,0.57679
3.1368,0.57377
3.1251,0.57792
3.082,0.5775
3.0891,0.57576
3.136,0.57762
3.1705,0.57439
3.1388,0.57676
3.1397,0.57776
3.1289,0.57776
3.2153,0.57282
3.2296,0.5764
3.2063,0.57691
3.2538,0.57719
3.2527,0.5777
3.2559,0.57536
3.2488,0.57931
3.2919,0.5764
3.2354,0.57759
3.2617,0.57799
3.2558,0.57708
3.2709,0.57637
3.348,0.57474
3.323,0.57598
3.2958,0.57707
3.3349,0.57449
3.3358,0.57182
3.3528,0.57097
3.3396,0.57461
3.4222,0.56987
3.3618,0.57289
3.395,0.57276
3.4385,0.57227
3.4293,0.57229
3.4518,0.57216
3.4645,0.57209
3.4509,0.57188
3.4335,0.57301
3.4562,0.57399
3.4931,0.57264
3.4974,0.57145
3.4436,0.57336
3.4772,0.57345
3.4844,0.57368
3.4806,0.57308
3.4989,0.57278
3.4882,0.57494
3.4613,0.5763
3.4666,0.57392
3.5496,0.57257
3.5731,0.57398
3.5037,0.57169
3.5354,0.57369
3.5867,0.57378
3.5893,0.57193
3.5487,0.57241
3.5763,0.57395
3.639,0.57196
3.6317,0.56801
3.6903,0.56969
3.6891,0.56931
3.675,0.56905
3.7107,0.57058
3.6903,0.56979
3.6578,0.56746
3.7023,0.56991
3.7353,0.57055
3.7663,0.56964
3.8343,0.56652
3.8535,0.56813
3.8576,0.56867
3.9183,0.57133
3.9732,0.56612
3.9945,0.5671
4.0554,0.56866
4.0678,0.56938
4.0547,0.57025
4.0479,0.56807
4.0274,0.56969
4.0558,0.56881
4.0797,0.5688
4.1233,0.5678
4.1419,0.56769
4.1489,0.56844
4.0851,0.56782
4.1477,0.56728
4.141,0.56518
4.1716,0.56776
4.1308,0.56691
4.2024,0.56612
4.2102,0.56583
4.1801,0.5675
4.1616,0.56888
4.2479,0.56903
4.2336,0.56732
4.1849,0.56646
4.2258,0.56767
4.2797,0.56826
4.2681,0.56684
4.226,0.56764
4.2937,0.56869
4.2574,0.56784
4.3327,0.5682
4.3357,0.56746
4.3365,0.56516
4.3389,0.56561
4.3464,0.56489
4.3571,0.56593
4.3624,0.56486
4.4046,0.56557
4.3314,0.56272
4.4171,0.56548
4.4074,0.56554
4.3654,0.56787
4.3942,0.56811
4.4483,0.56495
4.4595,0.56687
4.4597,0.56656
4.4423,0.56772
4.445,0.56511
4.5002,0.56675
4.4325,0.56468
4.4453,0.56339
4.4993,0.56677
4.5166,0.5635
4.5369,0.56552
4.5351,0.56217
4.5443,0.5622
4.5552,0.56279
4.5717,0.56134
4.5798,0.56179
4.543,0.56419
4.5572,0.56025
4.6227,0.56656
4.6525,0.56374
4.598,0.56656
4.6618,0.56238
4.6082,0.56405
4.6719,0.56385
4.6113,0.55995
4.6994,0.56432
4.6725,0.56055
4.693,0.56636
4.6904,0.56677
4.6853,0.56454
4.6586,0.56015
4.7163,0.56291
4.7646,0.56074
4.7,0.55845
4.711,0.56097
4.7151,0.55921
4.7389,0.55759
4.787,0.55793
4.7574,0.56044
4.7691,0.56132
4.7814,0.55955
4.7486,0.56191
4.7701,0.56371
4.8364,0.56322
4.7681,0.56191
4.8498,0.56111
4.7869,0.56357
4.8489,0.5623
4.8642,0.56312
4.8108,0.56062
4.8053,0.56427
4.8423,0.56243
4.8701,0.56011
4.8595,0.5623
4.9042,0.56387
4.8714,0.55966
4.9443,0.55845
4.9422,0.56042
4.9523,0.56
4.9534,0.55868
4.9839,0.56268
4.9179,0.56005
4.9866,0.56141
5.0134,0.56344
5.0127,0.56282
4.9913,0.56279
5.0392,0.56145
5.0127,0.56202
5.0027,0.56154
5.0079,0.56272
5.0005,0.55821
5.0482,0.55951
5.0265,0.56056
5.0239,0.55851
5.0637,0.55866
5.111,0.56028
5.0543,0.5602
5.1057,0.56052
5.0716,0.55865
5.1365,0.5551
5.1576,0.56276
5.1678,0.56103
5.1558,0.55969
5.1613,0.56102
5.1926,0.56056
5.121,0.5567
5.1183,0.55963
5.2067,0.55886
5.1472,0.55774
5.1649,0.55726
5.1999,0.55815
5.1803,0.55953
5.211,0.56066
5.1687,0.55872
5.2301,0.55575
5.2562,0.55945
5.2268,0.55814
5.2569,0.56108
5.2725,0.56208
5.2332,0.55974
5.2156,0.55861
5.2227,0.55799
5.3039,0.55948
5.2808,0.56061
5.3273,0.55729
5.3348,0.55956
5.3307,0.56008
5.2933,0.56334
5.3088,0.5607
5.3711,0.559
5.2981,0.56007
5.313,0.55798
5.3519,0.55864
5.3238,0.55559
5.3307,0.55557
5.3911,0.55849
5.412,0.55722
5.4372,0.55763
5.4054,0.55734
5.455,0.55696
5.4644,0.55817
5.4489,0.55704
5.4077,0.55913
5.4431,0.56048
5.4954,0.55669
5.4845,0.55756
5.434,0.55403
5.4939,0.55755
5.471,0.55632
5.5369,0.55672
5.5389,0.55571
5.4928,0.55734
5.5033,0.55737
5.4992,0.55526
5.5443,0.55784
5.5574,0.55554
5.5832,0.55675
5.5393,0.55636
5.5657,0.55639
5.5765,0.55614
5.6055,0.55588
5.6872,0.55493
5.6339,0.55633
5.7137,0.55644
5.6674,0.55466
5.6951,0.55329
5.7514,0.55558
5.6893,0.55611
5.7654,0.55414
5.7899,0.55492
5.8085,0.55587
5.8145,0.55751
5.7619,0.55644
5.7736,0.55717
5.7737,0.55518
5.8513,0.55797
5.8421,0.55614
5.7976,0.55555
5.8674,0.55488
5.8676,0.5565
5.883,0.55717
5.8376,0.55483
5.892,0.55763
5.8647,0.55664
5.8505,0.55396
5.8914,0.55587
5.9097,0.55551
5.8714,0.55481
5.8765,0.55342
5.9398,0.55658
5.9606,0.55305
5.925,0.55299
5.9442,0.55497
5.9498,0.55452
6.0144,0.55543
5.9474,0.55587
6.0143,0.55275
6.0328,0.5519
5.9671,0.55216
5.9723,0.55411
6.0568,0.55524
6.0065,0.55418
6.0321,0.55614
6.0861,0.55324
6.0295,0.55492
6.0913,0.55287
6.0701,0.5563
