0.99972,1.0215
0.99961,1.0215
0.9996,1.0214
0.99963,1.0214
0.99973,1.0215
0.99958,1.0216
0.99967,1.0216
0.99971,1.0214
0.99952,1.0216
0.99969,1.0219
0.99948,1.0214
0.9994,1.0215
0.99967,1.0216
0.99949,1.0216
0.9998,1.0215
0.99958,1.0216
0.99958,1.0216
0.99971,1.0217
0.99964,1.0215
0.99971,1.0217
0.99961,1.0216
0.99949,1.0216
0.99958,1.0217
0.99935,1.0218
0.99955,1.0217
0.99936,1.0217
0.99957,1.0217
0.99946,1.0215
0.99958,1.0216
0.99954,1.0218
0.99951,1.0217
0.99953,1.0218
0.99956,1.0217
0.99941,1.0218
0.99924,1.0217
0.99945,1.0218
0.99959,1.0219
0.99923,1.0218
0.9994,1.0218
0.9993,1.0219
0.99948,1.0218
0.99943,1.0218
0.99946,1.0218
0.99942,1.0219
0.99932,1.0217
0.99915,1.0219
0.99918,1.0219
0.99926,1.0219
0.99933,1.0219
0.99922,1.0218
0.99925,1.0218
0.99942,1.022
0.9994,1.022
0.99935,1.0222
0.99937,1.0219
0.99932,1.0221
0.99912,1.0219
0.99924,1.0219
0.99924,1.022
0.99929,1.022
0.99927,1.0222
0.99927,1.022
0.99927,1.022
0.99934,1.022
0.99944,1.0219
0.99939,1.022
0.99928,1.0221
0.99928,1.0222
0.99924,1.022
0.99922,1.0219
0.99931,1.0222
0.99922,1.0221
0.99928,1.0221
0.99929,1.0223
0.99912,1.0221
0.99928,1.0221
0.99932,1.0221
0.99924,1.0222
0.99931,1.0222
0.99925,1.0222
0.99903,1.022
0.99906,1.0221
0.99927,1.0222
0.99931,1.0221
0.99928,1.0222
0.99914,1.0222
0.99908,1.0221
0.99916,1.0221
0.99933,1.0222
0.99913,1.0223
0.999,1.0223
0.99916,1.0224
0.9993,1.0223
0.99923,1.0221
0.99919,1.0222
0.99939,1.0222
0.99924,1.0222
0.99934,1.0221
0.99926,1.0222
0.99936,1.0223
0.99929,1.0223
0.99918,1.0224
0.99916,1.0223
0.99911,1.0222
0.99916,1.0224
0.99929,1.0224
0.99915,1.0223
0.99916,1.0223
0.99915,1.0223
0.99911,1.0223
0.99906,1.0223
0.99922,1.0224
0.999,1.0224
0.99919,1.0224
0.99889,1.0224
0.9989,1.0224
0.99911,1.0223
0.99886,1.0223
0.99913,1.0224
0.99912,1.0225
0.99896,1.0224
0.99902,1.0223
0.99919,1.0225
0.99912,1.0225
0.99902,1.0224
0.99917,1.0226
0.99902,1.0223
0.99905,1.0225
0.99907,1.0225
0.99901,1.0224
0.99906,1.0224
0.99911,1.0226
0.99898,1.0226
0.99924,1.0225
0.99892,1.0225
0.9991,1.0226
0.99884,1.0226
0.99894,1.0225
0.99897,1.0225
0.99909,1.0226
0.9991,1.0227
0.99906,1.0225
0.99899,1.0226
0.99887,1.0226
0.9989,1.0226
0.99869,1.0227
0.99875,1.0226
0.99884,1.0227
0.99873,1.0226
0.99901,1.0226
0.99904,1.0227
0.99894,1.0228
0.99886,1.0227
0.99893,1.0228
0.99886,1.0227
0.99885,1.0228
0.99884,1.0227
0.99884,1.0227
0.99889,1.0226
0.99909,1.0226
0.99876,1.0225
0.9989,1.0225
0.99902,1.0228
0.99902,1.0226
0.99896,1.0228
0.99888,1.0225
0.99905,1.0226
0.9988,1.0226
0.99891,1.0227
0.99887,1.0227
0.99882,1.0225
0.99895,1.0226
0.99897,1.0227
0.99895,1.0227
0.99894,1.0225
0.999,1.0225
0.9988,1.0225
0.9991,1.0227
0.999,1.0226
0.999,1.0227
0.99896,1.0225
0.99894,1.0225
0.99895,1.0226
0.99907,1.0226
0.99896,1.0228
0.99884,1.0225
0.99906,1.0227
0.99894,1.0226
0.99873,1.0226
0.99901,1.0226
0.99872,1.0226
0.99884,1.0226
0.99903,1.0227
0.999,1.0224
0.999,1.0226
0.99893,1.0225
0.9989,1.0225
0.99895,1.0227
0.999,1.0225
0.99876,1.0227
0.99886,1.0225
0.99887,1.0227
0.99894,1.0226
0.99886,1.0228
0.99898,1.0227
0.99878,1.0229
0.99886,1.0226
0.99888,1.0227
0.99877,1.0227
0.99887,1.0228
0.99885,1.0226
0.99886,1.0228
0.99882,1.0226
0.99893,1.0227
0.99897,1.0227
0.99894,1.0226
0.99878,1.0228
0.99876,1.0228
0.99886,1.0227
0.99877,1.0226
0.99883,1.0229
0.99873,1.0229
0.99877,1.0227
0.99889,1.0228
0.99883,1.0227
0.99883,1.0228
0.99875,1.0228
0.99896,1.0228
0.99878,1.0227
0.99878,1.0228
0.99894,1.0227
0.99867,1.0228
0.99876,1.0229
0.99869,1.0228
0.99867,1.0227
0.99866,1.0228
0.9988,1.0228
0.99879,1.0227
0.99889,1.0227
0.99875,1.0233
0.99878,1.0228
0.99868,1.0227
0.99872,1.0228
0.99884,1.0229
0.99877,1.0228
0.99868,1.0228
0.99878,1.0228
0.99861,1.0227
0.99887,1.0229
0.99897,1.0227
0.99877,1.0229
0.99886,1.0232
0.99888,1.0227
0.99872,1.0229
0.99894,1.0231
0.9987,1.0229
0.99867,1.0228
0.99879,1.0228
0.99883,1.0229
0.99866,1.0228
0.99884,1.0228
0.99888,1.023
0.99862,1.0229
0.99896,1.0228
0.99884,1.0229
0.99886,1.0229
0.9986,1.0229
0.9988,1.0229
0.99873,1.0228
0.99888,1.0228
0.9991,1.0231
0.99869,1.023
0.99894,1.0229
0.9988,1.0229
0.99863,1.0228
0.99881,1.0229
0.99872,1.0229
0.99907,1.0229
0.99873,1.0228
0.99889,1.0228
0.99878,1.0229
0.99886,1.0229
0.99881,1.0229
0.99883,1.0228
0.99872,1.0228
0.9987,1.0229
0.99904,1.0229
0.99852,1.023
0.99872,1.0229
0.99877,1.023
0.9988,1.0229
0.99874,1.023
0.99883,1.023
0.99883,1.023
0.99888,1.023
0.99879,1.0229
0.99878,1.0229
0.99898,1.0231
0.99876,1.0231
0.9988,1.023
0.99881,1.023
0.99873,1.0232
0.99866,1.0229
0.9985,1.0231
0.99859,1.0229
0.99863,1.023
0.9989,1.0229
0.99869,1.0231
0.99861,1.023
0.9988,1.0231
0.99864,1.023
0.99887,1.023
0.99876,1.0231
0.99884,1.0231
0.99862,1.0231
0.9986,1.023
0.99876,1.0231
0.99858,1.0229
0.99878,1.0231
0.9989,1.023
0.99864,1.0231
0.99871,1.023
0.99875,1.0231
0.99885,1.023
0.99854,1.0231
0.99863,1.023
0.99873,1.0231
0.99859,1.0231
0.99894,1.023
0.99848,1.0231
0.99871,1.0231
0.99865,1.0232
0.99843,1.023
0.99861,1.023
0.99886,1.0231
0.99867,1.0231
0.99879,1.023
0.99863,1.023
0.99868,1.023
0.99878,1.0231
0.99877,1.0231
0.99865,1.0231
0.99854,1.023
0.99884,1.0231
0.9987,1.0231
0.99875,1.0232
0.99849,1.0233
0.99851,1.0231
0.99888,1.0232
0.99872,1.0231
0.99878,1.0232
0.99884,1.0231
0.99857,1.0232
0.99869,1.0232
0.99868,1.0231
0.99871,1.0231
0.99884,1.0232
0.99868,1.0231
0.99875,1.0231
0.99858,1.0232
0.99839,1.0232
0.99859,1.0232
0.9985,1.0232
0.99864,1.0232
0.99863,1.0233
0.99857,1.0233
0.99858,1.0233
0.99862,1.0232
0.99896,1.0232
0.99866,1.0232
0.99858,1.0231
0.99876,1.0231
0.9986,1.0233
0.99855,1.0232
0.99852,1.0232
0.99875,1.0233
0.99888,1.0231
0.99863,1.0232
0.99866,1.0231
0.99877,1.0231
0.99853,1.0232
0.99842,1.0233
0.99872,1.0234
0.99863,1.0234
0.99876,1.0232
0.99866,1.0232
0.99859,1.0233
0.99856,1.0233
0.99858,1.0232
0.99861,1.0232
0.99873,1.0234
0.99851,1.0232
0.99876,1.0232
0.99868,1.0234
0.99875,1.0234
0.99877,1.0233
0.99882,1.0234
0.99873,1.0234
0.99866,1.0233
0.99872,1.0234
0.99854,1.0233
0.99861,1.0234
0.99866,1.0234
0.9987,1.0233
0.99868,1.0234
0.99842,1.0232
0.99871,1.0232
0.99873,1.0233
0.99846,1.0234
0.9984,1.0236
0.99845,1.0232
0.99879,1.0233
0.99837,1.0231
0.99878,1.0233
0.99866,1.0233
0.99866,1.0234
0.99871,1.0233
0.99845,1.0235
0.99858,1.0235
0.99851,1.0234
0.99865,1.0233
0.99869,1.0233
0.9985,1.0235
0.99837,1.0235
0.99856,1.0235
0.99857,1.0235
0.99853,1.0233
0.99849,1.0234
0.99837,1.0234
0.99856,1.0234
0.99837,1.0233
0.99869,1.0235
0.99858,1.0235
0.99882,1.0234
0.99856,1.0234
0.99857,1.0235
0.99849,1.0234
0.99855,1.0234
0.99862,1.0233
0.99841,1.0234
0.99865,1.0234
0.99854,1.0234
0.9987,1.0235
0.99855,1.0233
0.99848,1.0233
0.99846,1.0234
0.99861,1.0234
0.99859,1.0236
0.99856,1.0234
0.99854,1.0234
0.9987,1.0234
0.9987,1.0235
0.99879,1.0234
0.99839,1.0235
0.99858,1.0234
0.9987,1.0235
0.99847,1.0234
0.9984,1.0234
0.99867,1.0235
0.99851,1.0236
0.99848,1.0236
0.99847,1.0234
0.99817,1.0233
0.99847,1.0233
0.99851,1.0235
0.99864,1.0234
0.9984,1.0236
0.99818,1.0235
0.99867,1.0234
0.99845,1.0234
0.99821,1.0233
0.99841,1.0234
0.99848,1.0234
0.99836,1.0233
0.99848,1.0235
0.99842,1.0236
0.9984,1.0234
0.99851,1.0234
0.9985,1.0233
0.99822,1.0234
0.99843,1.0234
0.99833,1.0235
0.99826,1.0236
0.99839,1.0235
0.99836,1.0235
0.99828,1.0235
0.99868,1.0234
0.99855,1.0235
0.99843,1.0234
0.99843,1.0235
0.99845,1.0234
0.9985,1.0235
0.99844,1.0235
0.99848,1.0236
0.99826,1.0235
0.9984,1.0234
0.99828,1.0236
0.99831,1.0235
0.99834,1.0236
0.99838,1.0235
0.99844,1.0235
0.99826,1.0236
0.99835,1.0235
0.99829,1.0235
0.99828,1.0235
0.99822,1.0235
0.99832,1.0235
0.99849,1.0237
0.99813,1.0236
0.99828,1.0235
0.99829,1.0236
0.9983,1.0235
0.99836,1.0235
0.99849,1.0235
0.99834,1.0236
0.99825,1.0236
0.9985,1.0235
0.99837,1.0236
0.99826,1.0236
0.99822,1.0237
0.99828,1.0235
0.99817,1.0235
0.99826,1.0234
0.9984,1.0236
0.99827,1.0235
0.99836,1.0237
0.99841,1.0236
0.99827,1.0235
0.99801,1.0237
0.9981,1.0235
0.99844,1.0236
0.99829,1.0235
0.99814,1.0236
0.99836,1.0236
0.9982,1.0235
0.99833,1.0235
0.99834,1.0235
0.99837,1.0236
0.99815,1.0235
0.99811,1.0236
0.9983,1.0235
0.9984,1.0235
0.99823,1.0234
0.99825,1.0237
0.99814,1.0236
0.99826,1.0235
0.9982,1.0235
0.99831,1.0234
0.99832,1.0235
0.9983,1.0234
0.9983,1.0236
0.99814,1.0235
0.99817,1.0235
0.99837,1.0234
0.99813,1.0235
0.99816,1.0235
0.99809,1.0235
0.9982,1.0235
0.99833,1.0235
0.99822,1.0234
0.9981,1.0235
0.99828,1.0235
0.99818,1.0235
0.99831,1.0236
0.99824,1.0235
0.99798,1.0236
0.99822,1.0235
0.99837,1.0235
0.9982,1.0235
0.99812,1.0236
0.99824,1.0235
0.99821,1.0235
0.99826,1.0235
0.99817,1.0236
0.99797,1.0235
0.998,1.0237
0.99837,1.0235
0.99796,1.0235
0.99816,1.0235
0.99829,1.0236
0.99825,1.0236
0.99806,1.0236
0.99815,1.0236
0.99821,1.0235
0.99819,1.0236
0.99816,1.0236
0.99819,1.0235
0.99822,1.0235
0.998,1.0236
0.99826,1.0235
0.99804,1.0236
0.99824,1.0235
0.99821,1.0235
0.99843,1.0236
0.99816,1.0235
0.9982,1.0234
0.99823,1.0235
0.99815,1.0237
0.99813,1.0236
0.99796,1.0236
0.99805,1.0234
0.99813,1.0235
0.99807,1.0235
0.99815,1.0235
0.99801,1.0235
0.99831,1.0236
0.99808,1.0235
0.99844,1.0236
0.99827,1.0236
0.998,1.0236
0.99835,1.0235
0.99818,1.0235
0.99813,1.0235
0.99797,1.0235
0.99804,1.0235
0.99822,1.0236
0.99807,1.0236
0.99783,1.0237
0.99787,1.0237
0.99826,1.0236
0.99834,1.0235
0.99842,1.0235
0.99811,1.0235
0.99814,1.0236
0.99802,1.0237
0.99809,1.0235
0.99809,1.0237
0.99805,1.0237
0.99812,1.0236
0.99814,1.0237
0.99807,1.0236
0.99817,1.0235
0.99809,1.0237
0.99806,1.0237
0.99833,1.0236
0.99803,1.0236
0.99797,1.0236
0.99798,1.0237
0.99815,1.0235
0.99829,1.0236
0.99794,1.0237
0.99821,1.0237
0.9981,1.0237
0.99818,1.0238
0.99818,1.0237
0.99849,1.0236
0.99843,1.0237
0.99812,1.0237
0.99794,1.0237
0.99813,1.0236
0.99793,1.0236
0.99806,1.0236
0.99821,1.0238
0.99819,1.0238
0.99819,1.0236
0.99825,1.0238
0.99825,1.0237
0.99797,1.0236
0.99801,1.0236
0.99812,1.0235
0.99807,1.0235
0.99825,1.0236
0.99822,1.0237
0.99788,1.0237
0.998,1.0237
0.99811,1.0233
0.99818,1.0236
0.99815,1.0236
0.99839,1.0237
0.99797,1.0236
0.9982,1.0237
0.99828,1.0237
0.99812,1.0237
0.99789,1.0236
0.99826,1.0236
0.99813,1.0237
0.99793,1.0236
0.99789,1.0238
0.99844,1.0236
0.99831,1.0237
0.99827,1.0237
0.99799,1.0237
0.99814,1.0237
0.99802,1.0237
0.99801,1.0238
0.99812,1.0237
0.99787,1.0238
0.99781,1.0237
0.99811,1.0237
0.99807,1.0236
0.99785,1.0236
0.99813,1.0237
0.99809,1.0238
0.99781,1.0237
0.99799,1.0237
0.99831,1.0238
0.99791,1.0237
0.99817,1.0237
0.99809,1.0237
0.99795,1.0237
0.99791,1.0237
0.99823,1.0236
0.99805,1.0237
0.99805,1.0237
0.99815,1.0238
0.99786,1.0239
0.99793,1.0239
0.99794,1.0237
0.99795,1.0236
0.99791,1.0237
0.99798,1.0238
0.99809,1.0237
0.99801,1.0237
0.99781,1.0236
0.99791,1.0237
0.998,1.0239
0.9981,1.0237
0.99799,1.0236
0.99789,1.0237
0.99804,1.0238
0.99817,1.0236
0.99763,1.0238
0.99789,1.0237
0.99803,1.0237
0.99758,1.0238
0.99779,1.0238
0.99793,1.0238
0.99785,1.0237
0.99792,1.0237
0.99784,1.0238
0.99775,1.0237
0.99798,1.0237
0.99793,1.0236
0.99801,1.0238
0.99801,1.0237
0.99777,1.0238
0.99791,1.0238
0.99774,1.0236
0.99768,1.0235
0.99787,1.0237
0.99789,1.0237
0.99781,1.0237
0.99794,1.0239
0.99788,1.0236
0.9979,1.0237
0.99787,1.0237
0.9979,1.0238
0.99773,1.0237
0.99785,1.0238
0.99773,1.0237
0.99789,1.0236
0.99777,1.0238
0.99796,1.0238
0.99777,1.0239
0.99779,1.0237
0.9979,1.0238
0.99798,1.0237
0.99782,1.0238
0.99753,1.0237
0.99767,1.0239
0.99778,1.0238
0.99778,1.0238
0.99764,1.0238
0.99777,1.0238
0.99761,1.0238
0.99778,1.0236
0.99756,1.0237
0.99776,1.0238
0.9977,1.0238
0.99753,1.0238
0.99768,1.0239
0.99751,1.0237
0.9975,1.0237
0.99792,1.0236
0.99775,1.0237
0.99763,1.0237
0.9976,1.0238
0.99773,1.0237
0.99772,1.0238
0.99771,1.0237
0.99764,1.0237
0.99763,1.0239
0.99757,1.0238
0.9977,1.0239
0.99772,1.0237
0.99768,1.0237
0.99776,1.0239
0.9979,1.0239
0.99764,1.0238
0.99751,1.0237
0.99789,1.0238
0.99772,1.0238
0.9977,1.0237
0.99761,1.024
0.99762,1.0239
0.99743,1.0241
0.99781,1.024
0.99776,1.0238
0.99848,1.024
0.99763,1.0239
0.99816,1.0242
0.99835,1.0235
0.99749,1.0236
0.99774,1.0238
0.99778,1.0238
0.99764,1.0239
0.99766,1.0238
0.99752,1.0238
0.99772,1.0238
0.99777,1.0239
0.99765,1.0238
0.99767,1.024
0.99758,1.0239
0.99777,1.024
0.9977,1.024
0.99755,1.0239
0.99755,1.0237
0.99765,1.024
0.99762,1.024
0.99758,1.0239
0.99759,1.0238
0.99757,1.0238
0.9975,1.0239
0.99756,1.0239
0.9974,1.0238
0.99755,1.0239
0.99745,1.0239
0.99769,1.0238
0.99743,1.0238
0.99755,1.0239
0.99755,1.0239
0.99757,1.0239
0.99749,1.0239
0.99741,1.0238
0.99722,1.0239
0.99749,1.0239
0.99748,1.0239
0.99733,1.0238
0.9976,1.0239
0.99767,1.0239
0.99765,1.0238
0.99767,1.0239
0.9975,1.024
0.9975,1.0239
0.9974,1.0239
0.99758,1.0239
0.99768,1.0239
0.99751,1.0239
0.9975,1.0239
0.99744,1.0239
0.99746,1.0239
0.99783,1.024
0.99751,1.0239
0.99745,1.024
0.99756,1.0238
0.99755,1.0239
0.9975,1.024
0.99759,1.0238
0.99764,1.024
0.99734,1.0239
0.99739,1.0239
0.99749,1.0238
0.99754,1.024
0.99746,1.0239
0.99724,1.0239
0.99763,1.024
0.99753,1.024
0.9976,1.0238
0.99756,1.0238
0.99735,1.0242
0.99757,1.024
0.99733,1.0238
0.99762,1.0238
0.99763,1.024
0.99756,1.0239
0.9977,1.0239
0.99746,1.024
0.99751,1.024
0.99757,1.0239
0.99748,1.0239
0.9974,1.0238
0.99773,1.024
0.9975,1.0239
0.99744,1.0238
0.99742,1.024
0.99755,1.0238
0.99751,1.0239
0.9976,1.0238
0.99761,1.0239
0.99761,1.024
0.99754,1.0239
0.99754,1.024
0.99737,1.0239
0.99749,1.024
0.99727,1.0239
0.99757,1.024
0.99744,1.0238
0.9973,1.0238
0.99757,1.0239
0.9974,1.024
0.99741,1.024
0.9974,1.0239
0.99729,1.0238
0.99733,1.0239
0.99744,1.024
0.99741,1.024
0.99731,1.0239
0.99748,1.0238
0.99748,1.0238
0.99748,1.0238
0.9973,1.024
0.99737,1.0241
0.99755,1.0239
0.99739,1.0239
0.99726,1.0239
0.99751,1.0239
0.99738,1.0238
0.99733,1.0238
0.99737,1.0238
0.99746,1.0239
0.99735,1.0238
0.99751,1.024
0.99715,1.0238
0.99734,1.0237
0.9973,1.0238
0.99739,1.0239
0.99714,1.0239
0.99725,1.0239
0.99732,1.0238
0.99726,1.0238
0.99753,1.0239
0.99735,1.0239
0.99736,1.0239
0.99722,1.024
0.99737,1.0238
0.99719,1.0238
0.99727,1.0238
0.99719,1.0239
0.99733,1.0239
0.99748,1.0239
0.99719,1.0237
0.99745,1.0239
0.9975,1.0239
0.99732,1.0238
0.99731,1.0237
0.99753,1.0237
0.99732,1.0237
0.99734,1.0239
0.99755,1.0239
0.99729,1.0238
0.9977,1.0239
0.99742,1.0238
0.99725,1.0238
0.9976,1.0238
0.99748,1.0238
0.99744,1.0239
0.9975,1.0237
0.99747,1.0238
0.99761,1.0238
0.99732,1.0238
0.99731,1.0238
0.99728,1.0238
0.99742,1.0239
0.99742,1.0237
0.99747,1.0238
0.99732,1.0238
0.99733,1.0238
0.99747,1.0237
0.99744,1.0238
0.99726,1.0239
0.99724,1.0238
0.99733,1.0237
0.99736,1.0238
0.99715,1.0238
0.9972,1.0238
0.99724,1.0237
0.99718,1.0239
0.99711,1.024
0.99737,1.0238
0.99739,1.0238
0.99727,1.0239
0.99742,1.0238
0.99745,1.0238
0.99745,1.0238
0.99752,1.0237
0.99708,1.0238
0.99706,1.0238
0.99706,1.0238
0.99714,1.0238
0.99715,1.0239
0.99721,1.0238
0.99714,1.0238
0.99733,1.0239
0.99731,1.0238
0.99739,1.0239
0.99743,1.0239
0.99718,1.0239
0.99733,1.0239
0.9973,1.0238
0.99725,1.0239
0.99746,1.0238
0.99722,1.0238
0.99743,1.0239
0.99745,1.024
0.99746,1.0239
0.99712,1.0238
0.99734,1.0238
0.99708,1.0239
0.99743,1.0237
0.99735,1.0239
0.99695,1.0238
0.99723,1.0238
0.99724,1.0238
0.99724,1.0239
0.99711,1.0239
0.99716,1.0238
0.99734,1.0238
0.99724,1.0237
0.9975,1.0239
0.99733,1.024
0.9975,1.024
0.99736,1.0237
0.99727,1.0238
0.99726,1.0239
0.99719,1.0238
0.99716,1.0238
0.99736,1.0238
0.99749,1.0238
0.99749,1.0236
0.99739,1.0238
0.99744,1.0239
0.9974,1.0239
0.99743,1.0239
0.9975,1.0238
0.99729,1.0239
0.9973,1.0239
0.99734,1.0237
0.9973,1.0239
0.9974,1.0239
0.9973,1.0237
0.99726,1.0237
0.99732,1.0239
0.99736,1.0238
0.99709,1.0236
0.99713,1.0237
0.99714,1.0237
0.99727,1.0238
0.99702,1.0237
0.9973,1.0238
0.99757,1.0239
0.99745,1.024
0.99714,1.0238
0.99736,1.0239
0.99727,1.0238
0.99722,1.0238
0.99713,1.0237
0.99734,1.0239
0.99728,1.0239
0.99722,1.0239
0.99729,1.0237
0.99718,1.0236
0.99745,1.0238
0.99724,1.0238
0.99739,1.0239
0.9973,1.0238
0.99733,1.0236
0.99716,1.0237
0.99725,1.0238
0.99724,1.0238
0.99731,1.0238
0.99742,1.0239
0.99745,1.0238
0.99724,1.0238
0.99716,1.0238
0.9974,1.0238
0.99735,1.0238
0.99721,1.0238
0.99741,1.0237
0.99738,1.0238
0.99744,1.0237
0.99721,1.0237
0.99721,1.0238
0.99738,1.0237
0.99727,1.0239
0.99728,1.0238
0.99714,1.0238
0.99696,1.0238
0.99754,1.0238
0.99716,1.0238
0.99725,1.024
0.99723,1.0238
0.99724,1.0237
0.9972,1.0239
0.99734,1.0239
0.9972,1.0239
0.99731,1.0239
0.99707,1.0237
0.99749,1.0238
0.99739,1.0236
0.99706,1.0238
0.99739,1.0239
0.99713,1.0237
0.99723,1.0237
0.99711,1.0238
0.9975,1.024
0.99728,1.0239
0.99719,1.0239
0.99721,1.0238
0.99723,1.0238
