0.99985,1.0023
0.99986,1.0023
0.99987,1.0024
0.99991,1.0027
0.99971,1.0027
0.99979,1.003
0.99974,1.0031
0.99944,1.0032
0.99956,1.0033
0.99946,1.0035
0.99938,1.0035
0.99948,1.0037
0.99939,1.004
0.99941,1.0042
0.99939,1.0041
0.99944,1.0042
0.99937,1.0045
0.99933,1.0046
0.99937,1.0048
0.9993,1.0049
0.99943,1.005
0.99955,1.0051
0.99909,1.0051
0.99915,1.0053
0.99934,1.0055
0.9992,1.0056
0.99923,1.0059
0.99918,1.0058
0.99908,1.0061
0.99912,1.0061
0.99919,1.0063
0.999,1.0065
0.9992,1.0066
0.99885,1.0065
0.999,1.0065
0.99903,1.0067
0.99885,1.0068
0.99887,1.0071
0.99893,1.0071
0.99875,1.0074
0.99897,1.0074
0.99871,1.0074
0.999,1.0075
0.99889,1.0077
0.99879,1.0076
0.99875,1.0079
0.99859,1.0079
0.9985,1.008
0.99868,1.0082
0.99857,1.0084
0.9985,1.0083
0.99864,1.0086
0.99844,1.0086
0.99851,1.0086
0.99866,1.0086
0.99865,1.0089
0.99853,1.009
0.99852,1.009
0.99854,1.0091
0.99834,1.0092
0.99864,1.0093
0.99841,1.0095
0.99842,1.0095
0.99808,1.0095
0.99859,1.0097
0.99833,1.0098
0.99817,1.0097
0.99832,1.0099
0.99837,1.0098
0.99827,1.0101
0.99823,1.01
0.99828,1.0101
0.99835,1.0102
0.99817,1.0103
0.99828,1.0105
0.99826,1.0106
0.99825,1.0105
0.99836,1.0105
0.99818,1.0106
0.99829,1.0108
0.99801,1.0109
0.99784,1.0111
0.99825,1.011
0.99799,1.0111
0.99793,1.0112
0.99781,1.0113
0.99804,1.0112
0.99776,1.0113
0.99792,1.0115
0.99796,1.0114
0.99762,1.0116
0.99763,1.0117
0.99787,1.0118
0.99766,1.0119
0.99779,1.0121
0.99767,1.0119
0.99764,1.0121
0.99769,1.0122
0.99744,1.0123
0.99785,1.0123
0.99785,1.0124
0.99754,1.0125
0.99752,1.0124
0.99755,1.0125
0.99755,1.0125
0.99761,1.0127
0.99757,1.0127
0.99759,1.0127
0.99755,1.0128
0.99749,1.0128
0.99746,1.013
0.99721,1.0131
0.9974,1.0132
0.99708,1.0132
0.99747,1.0131
0.99751,1.0132
0.99738,1.0133
0.99734,1.0136
0.99732,1.0134
0.99747,1.0135
0.99708,1.0135
0.99741,1.0136
0.99716,1.0138
0.99728,1.0139
0.99697,1.0139
0.99719,1.0138
0.99733,1.014
0.99707,1.014
0.99732,1.0142
0.99706,1.0142
0.99712,1.0142
0.99712,1.0144
0.99717,1.0143
0.99685,1.0144
0.99692,1.0145
0.99694,1.0145
0.99713,1.0146
0.99714,1.0146
0.99699,1.0147
0.99712,1.0146
0.99685,1.0148
0.99678,1.0149
0.99695,1.0151
0.99688,1.0149
0.99686,1.015
0.99696,1.0152
0.99679,1.015
0.99704,1.0154
0.99669,1.0151
0.99668,1.0154
0.99673,1.0153
0.99694,1.0154
0.99683,1.0152
0.99677,1.0156
0.99662,1.0157
0.99696,1.0158
0.99662,1.0158
0.99671,1.0158
0.99677,1.0157
0.99676,1.0159
0.99681,1.016
0.99663,1.0159
0.99676,1.0161
0.99684,1.0161
0.99655,1.0163
0.99641,1.0163
0.99656,1.0163
0.99673,1.0163
0.99671,1.0165
0.99665,1.0164
0.99651,1.0166
0.99658,1.0166
0.99652,1.0166
0.99652,1.0168
0.9965,1.0167
0.99651,1.0168
0.99634,1.0168
0.99624,1.0169
0.99624,1.0171
0.99636,1.0172
0.99639,1.0171
0.99644,1.0172
0.99641,1.0173
0.99625,1.0172
0.99624,1.0171
0.99624,1.0173
0.99637,1.0174
0.99601,1.0173
0.99647,1.0174
0.99636,1.0173
0.99637,1.0174
0.99637,1.0176
0.99651,1.0176
0.99629,1.0175
0.99642,1.0176
0.99622,1.0175
0.99613,1.0176
0.99613,1.0177
0.99612,1.0179
0.99608,1.0178
0.99609,1.0178
0.99611,1.018
0.99611,1.018
0.99609,1.0181
0.9963,1.0181
0.99619,1.0182
0.99605,1.0182
0.99623,1.0181
0.99608,1.0184
0.99598,1.0183
0.99605,1.0184
0.99619,1.0184
0.9959,1.0185
0.99598,1.0183
0.99607,1.0186
0.99589,1.0185
0.99601,1.0186
0.99609,1.0186
0.99599,1.0186
0.99592,1.0188
0.99573,1.0187
0.99595,1.0188
0.99573,1.0188
0.99607,1.0189
0.99608,1.0189
0.99585,1.0189
0.99602,1.019
0.99601,1.019
0.99592,1.0191
0.99591,1.0189
0.99582,1.019
0.99609,1.0191
0.99589,1.0192
0.9959,1.0193
0.99581,1.0192
0.99579,1.0193
0.99583,1.0193
0.99578,1.0193
0.99567,1.0194
0.99567,1.0193
0.99589,1.0194
0.99596,1.0194
0.99591,1.0194
0.99576,1.0194
0.99589,1.0196
0.99564,1.0195
0.99553,1.0197
0.99562,1.0198
0.9957,1.0198
0.99579,1.0198
0.9957,1.0199
0.99558,1.0199
0.99564,1.02
0.99556,1.0199
0.99557,1.0199
0.99583,1.0201
0.99556,1.0201
0.99552,1.0201
0.99547,1.0202
0.99554,1.0202
0.99548,1.0202
0.99564,1.0201
0.99553,1.0203
0.9957,1.0204
0.99563,1.0205
0.99559,1.0205
0.99548,1.0204
0.99537,1.0205
0.99546,1.0205
0.99546,1.0206
0.99564,1.0205
0.99541,1.0206
0.99551,1.0206
0.99533,1.0207
0.9953,1.0207
0.99556,1.0208
0.99548,1.0208
0.99539,1.0209
0.99548,1.0208
0.99539,1.021
0.99529,1.0209
0.99546,1.0209
0.99531,1.0209
0.99542,1.0211
0.99532,1.0212
0.99555,1.0212
0.99526,1.0213
0.99552,1.0213
0.99533,1.0213
0.99557,1.0213
0.99557,1.0215
0.99526,1.0214
0.99525,1.0214
0.99501,1.0215
0.99523,1.0216
0.99503,1.0216
0.99522,1.0218
0.995,1.0219
0.99526,1.022
0.99533,1.0222
0.99535,1.0222
0.99503,1.0224
0.995,1.0226
0.99509,1.0226
0.99512,1.0228
0.99484,1.0231
0.9947,1.0231
0.99463,1.0232
0.99458,1.0236
0.99456,1.0239
0.99456,1.024
0.99447,1.0242
0.9946,1.0242
0.9943,1.0245
0.99445,1.0245
0.99433,1.0247
0.99434,1.0251
0.99425,1.0254
0.99453,1.0256
0.99435,1.0257
0.99403,1.0262
0.99423,1.0262
0.99392,1.0263
0.99411,1.0264
0.99394,1.0264
0.99403,1.0266
0.99392,1.0265
0.99399,1.0265
0.99412,1.0264
0.99415,1.0266
0.99386,1.0264
0.9942,1.0265
0.99421,1.0267
0.9939,1.0267
0.99396,1.0265
0.99402,1.0266
0.99391,1.0265
0.99395,1.0265
0.9937,1.0267
0.99398,1.0266
0.994,1.0265
0.99429,1.0267
0.99412,1.0267
0.99387,1.0265
0.99383,1.0267
0.99403,1.0268
0.99421,1.0268
0.99395,1.0269
0.99393,1.027
0.99405,1.027
0.99395,1.0271
0.99408,1.0269
0.99382,1.0271
0.99383,1.027
0.99394,1.027
0.99391,1.027
0.99405,1.0271
0.99376,1.0271
0.99396,1.0271
0.99358,1.027
0.99382,1.0271
0.99384,1.0269
0.994,1.0271
0.99384,1.027
0.99394,1.0271
0.99394,1.0273
0.99386,1.0271
0.99405,1.0272
0.99379,1.0271
0.99376,1.0271
0.99379,1.0273
0.99374,1.0273
0.99373,1.0272
0.99379,1.0272
0.99384,1.0273
0.9936,1.0272
0.99344,1.0271
0.99379,1.0273
0.99365,1.0273
0.99373,1.0274
0.9939,1.0274
0.99357,1.0273
0.99377,1.0274
0.9938,1.0274
0.9939,1.0275
0.99387,1.0275
0.9937,1.0274
0.99361,1.0275
0.99368,1.0274
0.99373,1.0275
0.99368,1.0276
0.9937,1.0276
0.99393,1.0275
0.99383,1.0277
0.99366,1.0275
0.99395,1.0276
0.9937,1.0277
0.99376,1.0275
0.99382,1.0275
0.99371,1.0276
0.99406,1.0276
0.99377,1.0277
0.9936,1.0278
0.9936,1.0276
0.99378,1.0277
0.9936,1.0278
0.99385,1.0277
0.99362,1.0277
0.99362,1.0278
0.99365,1.0276
0.99366,1.0277
0.99359,1.0278
0.99371,1.0277
0.9937,1.0277
0.99355,1.0279
0.99376,1.0278
0.9935,1.0279
0.99342,1.0277
0.99384,1.0279
0.99381,1.028
0.99367,1.0278
0.99372,1.0278
0.99343,1.028
0.99362,1.0279
0.99394,1.0278
0.99339,1.0279
0.99388,1.0279
0.99364,1.0279
0.99357,1.028
0.99374,1.0279
0.99375,1.0279
0.99382,1.028
0.99349,1.0282
0.99355,1.0281
0.99348,1.028
0.99365,1.0279
0.99346,1.0281
0.99383,1.0281
0.99365,1.0282
0.99367,1.0281
0.99349,1.0281
0.99368,1.0281
0.99336,1.0283
0.9936,1.0281
0.9935,1.0281
0.99348,1.028
0.99312,1.0282
0.99321,1.028
0.99345,1.0281
0.9936,1.0284
0.99337,1.0283
0.99329,1.0285
0.99346,1.0283
0.99321,1.0282
0.99345,1.0281
0.99363,1.0282
0.99334,1.0285
0.99352,1.0284
0.99354,1.0284
0.99312,1.0282
0.99346,1.0285
0.99349,1.0283
0.99328,1.0285
0.99327,1.0285
0.99343,1.0283
0.99371,1.0285
0.99341,1.0285
0.99334,1.0284
0.99354,1.0286
0.99323,1.0284
0.99356,1.0284
0.99339,1.0287
0.9935,1.0285
0.99344,1.0285
0.99346,1.0285
0.99356,1.0285
0.99381,1.0285
0.9934,1.0285
0.99344,1.0287
0.99346,1.0285
0.9936,1.0285
0.99354,1.0285
0.99358,1.0285
0.99345,1.0286
0.99364,1.0287
0.99344,1.0288
0.99353,1.0287
0.99343,1.0287
0.99349,1.0287
0.99336,1.0287
0.99339,1.0287
0.99353,1.0289
0.9936,1.0288
0.9934,1.0289
0.99339,1.0288
0.99362,1.0289
0.99358,1.0289
0.99353,1.0288
0.99356,1.0289
0.99319,1.0288
0.99362,1.029
0.99333,1.0288
0.99332,1.0287
0.99334,1.029
0.99317,1.0289
0.99337,1.0288
0.99339,1.0289
0.99335,1.0289
0.99361,1.0289
0.99334,1.0289
0.99336,1.0289
0.9936,1.0289
0.99348,1.029
0.99346,1.0288
0.99373,1.0289
0.9934,1.0291
0.99343,1.0289
0.99334,1.029
0.99346,1.0292
0.99343,1.0289
0.9934,1.0288
0.99332,1.029
0.99362,1.0291
0.9933,1.029
0.99341,1.029
0.99345,1.0292
0.99358,1.0292
0.99345,1.0291
0.99348,1.0291
0.99336,1.0291
0.99315,1.0291
0.99326,1.0291
0.99344,1.0292
0.99342,1.0291
0.99329,1.0292
0.99306,1.0292
0.99329,1.0292
0.99321,1.0292
0.99324,1.0292
0.99329,1.0294
0.99328,1.0293
0.99336,1.0292
0.99326,1.0293
0.99326,1.0292
0.99331,1.0292
0.99342,1.0293
0.99338,1.0294
0.99335,1.0292
0.99325,1.0293
0.99309,1.0291
0.99359,1.0292
0.99326,1.0292
0.99338,1.0291
0.99334,1.0294
0.99327,1.0292
0.99341,1.0294
0.99334,1.0294
0.99321,1.0293
0.99317,1.0293
0.99329,1.0295
0.99332,1.0292
0.99321,1.0293
0.99318,1.0294
0.99324,1.0294
0.9931,1.0294
0.9933,1.0293
0.99326,1.0292
0.99295,1.0294
0.9931,1.0293
0.993,1.0295
0.9931,1.0294
0.99315,1.0293
0.99288,1.0293
0.993,1.0294
0.99306,1.0295
0.99296,1.0294
0.99298,1.0296
0.993,1.0295
0.99303,1.0295
0.99301,1.0294
0.99314,1.0296
0.99308,1.0296
0.99305,1.0294
0.99312,1.0295
0.99299,1.0296
0.99314,1.0295
0.99297,1.0296
0.99302,1.0294
0.99319,1.0296
0.99305,1.0296
0.99306,1.0295
0.99295,1.0296
0.99326,1.0296
0.99301,1.0295
0.99309,1.0296
0.99326,1.0297
0.99312,1.0298
0.9933,1.0297
0.99323,1.0297
0.99319,1.0297
0.99299,1.0298
0.99318,1.0298
0.99315,1.0297
0.99312,1.0297
0.99318,1.0297
0.99318,1.0297
0.99312,1.0298
0.99301,1.0297
0.9931,1.0297
0.99305,1.0297
0.99321,1.0297
0.99311,1.0298
0.99308,1.0298
0.99301,1.0297
0.99319,1.0299
0.993,1.0297
0.99299,1.0298
0.99324,1.0298
0.99306,1.0299
0.99295,1.03
0.99306,1.0298
0.99328,1.0299
0.99293,1.0297
0.99303,1.0298
0.99321,1.03
0.99309,1.0299
0.99297,1.0299
0.99307,1.0299
0.99326,1.03
0.99316,1.0299
0.99308,1.0299
0.99331,1.0301
0.99304,1.03
0.99329,1.0298
0.99307,1.0299
0.99315,1.0299
0.99307,1.0299
0.99294,1.03
0.9928,1.03
0.99315,1.0301
0.99296,1.0301
0.99298,1.03
0.99298,1.03
0.99293,1.0301
0.99312,1.0301
0.99287,1.03
0.99308,1.0302
0.9929,1.0301
0.99297,1.0302
0.99259,1.0302
0.99296,1.0301
0.9932,1.0302
0.99288,1.03
0.99286,1.0301
0.99302,1.0302
0.99271,1.0302
0.99286,1.0303
0.99304,1.0302
0.99312,1.0301
0.99314,1.0301
0.99284,1.0301
0.99293,1.0303
0.99289,1.0303
0.99297,1.0302
0.993,1.03
0.9929,1.0303
0.99281,1.0303
0.99299,1.0303
0.99282,1.0302
0.99307,1.0302
0.99272,1.0302
0.9931,1.0303
0.99295,1.0304
0.99312,1.0304
0.99266,1.0302
0.99303,1.0304
0.99297,1.0304
0.99266,1.0303
0.99259,1.0304
0.99272,1.0305
0.99274,1.0304
0.99278,1.0304
0.99283,1.0303
0.99296,1.0304
0.99278,1.0304
0.99295,1.0305
0.99294,1.0305
0.99262,1.0305
0.99269,1.0305
0.99272,1.0306
0.9929,1.0305
0.99296,1.0304
0.9928,1.0306
0.99284,1.0305
0.99295,1.0306
0.99272,1.0306
0.99256,1.0306
0.99275,1.0306
0.99273,1.0307
0.99261,1.0306
0.99272,1.0306
0.99283,1.0308
0.99276,1.0305
0.99276,1.0307
0.9928,1.0307
0.9927,1.0307
0.99248,1.0308
0.99274,1.0308
0.9927,1.0307
0.99278,1.0308
0.9928,1.0307
0.99283,1.0309
0.99277,1.0308
0.99253,1.0308
0.99267,1.0309
0.99263,1.0307
0.99247,1.031
0.99236,1.0308
0.99276,1.0309
0.99268,1.0309
0.99261,1.0309
0.99289,1.0308
0.99262,1.031
0.99295,1.0309
0.99277,1.0308
0.99249,1.0309
0.99273,1.031
0.99275,1.031
0.99264,1.031
0.99268,1.0308
0.99239,1.031
0.99266,1.0309
0.99293,1.0309
0.9925,1.031
0.99262,1.031
0.99263,1.0309
0.99265,1.031
0.99249,1.0311
0.99284,1.0311
0.99284,1.0312
0.99267,1.0311
0.99245,1.031
0.99271,1.0311
0.99273,1.031
0.9929,1.0311
0.99268,1.0311
0.99272,1.0311
0.99262,1.031
0.9926,1.031
0.99276,1.0312
0.99257,1.0311
0.9925,1.0312
0.99243,1.0311
0.99258,1.0311
0.9927,1.0311
0.99264,1.0311
0.99258,1.0311
0.99288,1.0313
0.99265,1.0312
0.99276,1.0313
0.99245,1.0314
0.9927,1.0312
0.99257,1.0312
0.9926,1.0311
0.99262,1.0314
0.99275,1.0314
0.99253,1.0312
0.99275,1.0312
0.99261,1.0312
0.99257,1.0312
0.99266,1.0313
0.99257,1.0313
0.99247,1.0312
0.99237,1.0314
0.99271,1.0313
0.99261,1.0315
0.99252,1.0313
0.99246,1.0315
0.99253,1.0314
0.99254,1.0314
0.99269,1.0314
0.99257,1.0313
0.99261,1.0314
0.99231,1.0314
