0.99864,0.21701
0.99888,0.23233
0.99879,0.282
0.99868,0.32202
0.99929,0.3341
0.999,0.32756
0.99898,0.33095
0.99863,0.37307
0.99858,0.32504
0.9986,0.38282
0.99862,0.40219
0.99838,0.34587
0.99796,0.35365
0.99831,0.42517
0.99873,0.41482
0.99814,0.41839
0.99826,0.45694
0.99815,0.41267
0.99872,0.4585
0.99829,0.44284
0.99798,0.48478
0.99812,0.45406
0.99809,0.446
0.99784,0.52187
0.99803,0.4618
0.99823,0.53089
0.99817,0.53084
0.99768,0.54485
0.99752,0.55707
0.9974,0.55543
0.99757,0.57154
0.9975,0.59315
0.99722,0.56884
0.99722,0.56
0.99744,0.59627
0.99725,0.62914
0.99743,0.58335
0.99739,0.58523
0.99729,0.64507
0.99705,0.59585
0.99749,0.62113
0.99691,0.65533
0.99696,0.67181
0.99708,0.67547
0.99693,0.68431
0.99687,0.65089
0.99675,0.6632
0.99645,0.66613
0.99692,0.67625
0.99661,0.69017
0.9965,0.75688
0.99679,0.76626
0.99634,0.76796
0.99624,0.70413
0.99614,0.72149
0.99659,0.77304
0.99597,0.7946
0.99648,0.78329
0.99635,0.76315
0.99608,0.75564
0.99587,0.77455
0.99602,0.83737
0.99574,0.81919
0.9961,0.8061
0.99628,0.84391
0.99621,0.83915
0.9957,0.82029
0.9964,0.87482
0.99608,0.86859
0.99583,0.83869
0.99566,0.88933
0.99547,0.89304
0.99599,0.88466
0.99562,0.86777
0.99531,0.93608
0.9952,0.87267
0.995,0.90462
0.99621,0.9499
0.99687,0.95155
0.99579,0.90316
0.99611,0.94308
0.99643,0.9141
0.99664,0.97527
0.99566,1.0035
0.99442,0.96675
0.99514,0.94414
0.99525,0.94949
0.99526,0.96236
0.99555,1.0112
0.99522,1.0148
0.99523,0.9967
0.99517,1.0049
0.99556,1.0583
0.9952,1.0044
0.99539,1.0716
0.99513,1.0976
0.99495,1.0581
0.99526,1.1011
0.99518,1.0824
0.99521,1.0667
0.99508,1.0934
0.99498,1.1212
0.99479,1.1522
0.99498,1.151
0.99537,1.1555
0.99482,1.165
0.99507,1.1639
0.9948,1.1729
0.9948,1.1881
0.99494,1.1382
0.99478,1.1935
0.99504,1.2128
0.99471,1.1499
0.9949,1.2311
0.99483,1.226
0.99482,1.1862
0.99466,1.261
0.99467,1.2402
0.99486,1.2486
0.99513,1.2628
0.99468,1.2885
0.99489,1.2976
0.99455,1.2734
0.99413,1.2551
0.99417,1.3182
0.99456,1.3239
0.99488,1.3072
0.99465,1.2651
0.99485,1.302
0.99464,1.3341
0.99442,1.3371
0.99462,1.3355
0.99423,1.3659
0.99445,1.381
0.99487,1.3106
0.99473,1.3164
0.9945,1.3812
0.99484,1.3339
0.99452,1.4108
0.99443,1.3591
0.99421,1.3511
0.99452,1.4338
0.9945,1.4381
0.9946,1.3755
0.99425,1.4574
0.9941,1.4578
0.99439,1.4474
0.99433,1.4028
0.99494,1.4798
0.99448,1.4224
0.99404,1.4904
0.99371,1.4394
0.99399,1.4732
0.99414,1.5003
0.994,1.5001
0.99363,1.5174
0.99424,1.5138
0.99374,1.4618
0.99462,1.5402
0.99408,1.5363
0.99429,1.5637
0.99408,1.5616
0.9939,1.5364
0.99426,1.5777
0.99423,1.5743
0.99377,1.5287
0.99453,1.5625
0.9937,1.5679
0.99396,1.5848
0.99426,1.6203
0.99372,1.5473
0.99368,1.5999
0.99414,1.6255
0.99423,1.6475
0.99397,1.6277
0.99355,1.6118
0.99399,1.584
0.99398,1.6075
0.99356,1.6173
0.99388,1.6775
0.994,1.6775
0.99428,1.6716
0.99377,1.6886
0.99407,1.6269
0.99354,1.6878
0.9937,1.7078
0.99381,1.653
0.99381,1.6995
0.99447,1.683
0.99418,1.7447
0.99356,1.7481
0.99402,1.745
0.99371,1.7076
0.99343,1.7643
0.99427,1.7487
0.99365,1.6946
0.99364,1.7086
0.99399,1.706
0.9941,1.7838
0.99389,1.7989
0.99359,1.7996
0.99401,1.7414
0.99378,1.7944
0.99381,1.8049
0.99358,1.7506
0.99364,1.8288
0.99375,1.7872
0.99353,1.8041
0.99362,1.8456
0.99411,1.8146
0.99353,1.8544
0.99379,1.8571
0.99342,1.8712
0.99344,1.8432
0.9938,1.8653
0.99354,1.8845
0.99351,1.8257
0.9941,1.8703
0.9934,1.86
0.9936,1.8967
0.99338,1.9087
0.99284,1.8419
0.99302,1.8997
0.99319,1.9004
0.99383,1.8602
0.99393,1.9439
0.99402,1.8954
0.99397,1.9209
0.99415,1.8821
0.99434,1.9614
0.99296,1.8963
0.99209,1.9434
0.99265,1.9491
0.99261,1.9135
0.99318,1.9304
0.99271,1.9416
0.9933,2.0046
0.99297,2.0199
0.99298,1.9374
0.99322,2.0118
0.99327,1.9701
0.99253,2.0117
0.99357,2.0229
0.99281,1.967
0.99311,2.0196
0.99334,2.049
0.99266,2.0606
0.99313,2.0443
0.99318,1.99
0.9931,2.0474
0.9933,2.0842
0.99283,2.0804
0.99286,2.087
0.99278,2.1074
0.99255,2.1009
0.99248,2.0368
0.99282,2.0992
0.99283,2.1248
0.99266,2.1122
0.99288,2.0594
0.99273,2.057
0.99308,2.0737
0.99262,2.0779
0.99252,2.0703
0.99283,2.1023
0.99304,2.1171
0.99295,2.1055
0.99294,2.0969
0.99251,2.1212
0.99285,2.1776
0.99275,2.1673
0.99244,2.1872
0.99273,2.1509
0.99292,2.2096
0.99274,2.1786
0.99275,2.2216
0.99278,2.1366
0.99268,2.229
0.99257,2.2096
0.99317,2.2141
0.99303,2.1771
0.99313,2.2072
0.99296,2.2514
0.99314,2.2316
0.99274,2.1771
0.99275,2.2561
0.99242,2.2704
0.99215,2.2827
0.99283,2.2185
0.99276,2.245
0.99223,2.2096
0.99268,2.2965
0.99281,2.2594
0.99228,2.3053
0.99271,2.2617
0.99257,2.2462
0.99234,2.3258
0.99267,2.3265
0.99253,2.2866
0.99295,2.3101
0.99267,2.2976
0.99277,2.3558
0.99233,2.2941
0.99289,2.3642
0.9929,2.3564
0.99271,2.2964
0.99249,2.2891
0.99294,2.3732
0.99248,2.3875
0.99236,2.371
0.99244,2.3087
0.99281,2.3707
0.99272,2.3896
0.99266,2.3871
0.99263,2.3369
0.9922,2.3911
0.99228,2.3574
0.99276,2.3503
0.99282,2.4411
0.99245,2.4443
0.99238,2.451
0.99227,2.4211
0.99251,2.3926
0.99253,2.4432
0.9924,2.4733
0.99261,2.4153
0.99233,2.4688
0.99234,2.471
0.9925,2.4031
0.99237,2.412
0.99207,2.4682
0.99226,2.4749
0.99252,2.4975
0.99219,2.443
0.99163,2.4726
0.99224,2.4548
0.99324,2.4592
0.99259,2.4949
0.99183,2.5058
0.99248,2.5052
0.99191,2.4839
0.99295,2.5339
0.99174,2.5412
0.99243,2.5254
0.99196,2.515
0.99226,2.5516
0.99162,2.5653
0.99215,2.5454
0.99215,2.5922
0.99214,2.5302
0.99215,2.5366
0.99219,2.6006
0.99182,2.5805
0.9923,2.5624
0.9918,2.5506
0.99178,2.5813
0.99204,2.5395
0.99198,2.6377
0.99166,2.5782
0.99187,2.5674
0.99187,2.6108
0.9918,2.5656
0.99163,2.6583
0.99179,2.6658
0.9918,2.6679
0.9923,2.6277
0.99209,2.6385
0.99215,2.6019
0.99197,2.691
0.99189,2.6871
0.99206,2.6294
0.99162,2.7007
0.99168,2.6239
0.99165,2.6661
0.99177,2.6534
0.99151,2.7252
0.99189,2.6587
0.99196,2.6548
0.99176,2.6871
0.99172,2.6554
0.99162,2.7183
0.99137,2.7445
0.9918,2.711
0.99156,2.7063
0.99117,2.7205
0.99176,2.6836
0.99168,2.7307
0.99148,2.7344
0.99165,2.7606
0.99156,2.7732
0.99141,2.7153
0.99169,2.7691
0.99159,2.7864
0.99184,2.7761
0.99138,2.7686
0.99067,2.7392
0.99133,2.738
0.99169,2.7767
0.99143,2.8224
0.99141,2.8234
0.99159,2.8206
0.99152,2.7636
0.9915,2.8287
0.99124,2.7941
0.99133,2.8252
0.99135,2.8334
0.99141,2.8726
0.99143,2.8084
0.9913,2.8786
0.99149,2.8722
0.99155,2.8234
0.99106,2.8307
0.99119,2.9021
0.99158,2.8978
0.99154,2.8229
0.99157,2.85
0.99157,2.8978
0.99121,2.9281
0.99134,2.9279
0.99098,2.9235
0.9912,2.885
0.99129,2.8666
0.99136,2.9402
0.99112,2.9541
0.99113,2.8993
0.99122,2.9525
0.99102,2.8867
0.99087,2.9696
0.99142,2.9334
0.99118,2.9618
0.99149,2.9364
0.99114,2.9948
0.99143,2.915
0.99128,2.9595
0.99097,2.9484
0.99134,2.9416
0.99085,2.9293
0.99182,3.0173
0.99123,2.9938
0.99119,3.0074
0.99185,2.9551
0.99115,3.0127
0.99125,3.0143
0.99103,3.0417
0.99109,3.0492
0.99119,3.0603
0.99116,3.0764
0.99152,3.0729
0.99142,3.0805
0.99092,3.016
0.99154,3.0193
0.9912,3.0796
0.99085,3.0789
0.99121,3.0451
0.99151,3.1128
0.99137,3.0331
0.99138,3.1236
0.99173,3.0634
0.99077,3.1346
0.99114,3.0759
0.99153,3.0626
0.99141,3.0888
0.99134,3.1028
0.99123,3.1152
0.99092,3.1264
0.99078,3.1565
0.99155,3.1369
0.99082,3.1082
0.99168,3.1325
0.99103,3.138
0.9919,3.1364
0.99142,3.1383
0.99108,3.1319
0.99108,3.1301
0.9912,3.1853
0.99115,3.2103
0.9912,3.1489
0.99049,3.223
0.99123,3.148
0.9911,3.224
0.9913,3.1937
0.99084,3.2477
0.99106,3.2517
0.99107,3.1891
0.99092,3.1938
0.99135,3.1932
0.99097,3.1846
0.99153,3.2366
0.99125,3.2479
0.99086,3.2383
0.99097,3.2779
0.99095,3.2906
0.99155,3.2411
0.9911,3.2668
0.99116,3.2504
0.99111,3.2627
0.9907,3.2412
0.99135,3.2818
0.99102,3.3079
0.99121,3.2934
0.99078,3.3149
0.99103,3.3013
0.99078,3.3462
0.99147,3.2774
0.9913,3.3553
0.99149,3.3109
0.9909,3.3651
0.99091,3.3596
0.99073,3.3801
0.99096,3.3738
0.99052,3.3286
0.99092,3.3099
0.99092,3.3121
0.99103,3.3952
0.99134,3.3208
0.99065,3.3267
0.99119,3.4148
0.9911,3.3461
0.99078,3.4132
0.99066,3.3921
0.99047,3.3528
0.99117,3.3696
0.99076,3.4234
0.99078,3.4255
0.99033,3.4316
0.9911,3.4446
0.99088,3.4592
0.99086,3.3874
0.99101,3.3967
0.99077,3.4763
0.99078,3.4891
0.99058,3.4651
0.99037,3.4797
0.99059,3.4226
0.99077,3.4224
0.99056,3.5101
0.99034,3.4317
0.99095,3.5094
0.99091,3.4638
0.99026,3.5005
0.99007,3.5236
0.99031,3.5324
0.99069,3.5364
0.99111,3.4768
0.99107,3.55
0.99063,3.4773
0.99031,3.5455
0.99053,3.5744
0.99086,3.5155
0.99112,3.4983
0.9905,3.5581
0.99062,3.5607
0.99049,3.5616
0.99041,3.5764
0.99057,3.5824
0.99054,3.5592
0.99079,3.609
0.99072,3.6125
0.99014,3.6255
0.99033,3.6358
0.99026,3.5998
0.9908,3.5581
0.99022,3.6051
0.9904,3.6518
0.99053,3.6117
0.99024,3.664
0.99042,3.6683
0.99039,3.599
0.99033,3.666
0.99094,3.6662
0.98988,3.6461
0.99058,3.6246
0.99058,3.6839
0.99019,3.6415
0.9907,3.6728
0.99039,3.6593
0.99001,3.7112
0.99006,3.7135
0.99038,3.7085
0.99031,3.6592
0.9903,3.687
0.99029,3.6674
0.9903,3.7378
0.99017,3.6834
0.99019,3.7514
0.98978,3.7113
0.98986,3.7646
0.9903,3.7545
0.99018,3.7358
0.99057,3.7182
0.99008,3.7397
0.99045,3.7465
0.99022,3.7685
0.98991,3.7994
0.99022,3.722
0.99045,3.7856
0.99024,3.8115
0.99061,3.7592
0.9904,3.7391
0.99017,3.8105
0.99037,3.7456
0.99015,3.7841
0.99049,3.7556
0.98988,3.849
0.99011,3.8503
0.98991,3.7717
0.99024,3.7806
0.99038,3.7871
0.98998,3.7861
0.99039,3.833
0.99012,3.8805
0.99015,3.8723
0.99006,3.858
0.99007,3.8736
0.98974,3.8179
0.98999,3.9037
0.98983,3.8742
0.99071,3.9138
0.99043,3.8518
0.99023,3.8709
0.98965,3.8611
0.98972,3.9336
0.98995,3.8787
0.99,3.9394
0.98977,3.9449
0.99023,3.9059
0.99,3.9281
0.99023,3.912
0.98994,3.9731
0.99088,3.9548
0.99035,3.9019
0.99059,3.9149
0.99004,3.9191
0.99039,3.9222
0.98986,3.986
0.99037,3.9876
0.98988,3.9583
0.98969,3.9307
0.98994,3.9906
0.99057,4.0175
0.99043,3.9609
0.99033,4.0313
0.99065,4.0133
0.99008,4.0352
0.98992,4.0492
0.99002,3.992
0.98992,4.0029
0.98951,4.05
0.98978,4.0116
0.9901,3.9918
0.99007,4.0174
0.99008,4.0793
0.98983,4.0471
0.99002,4.0324
0.98989,4.0559
0.99011,4.0246
0.9903,4.0212
0.99,4.0837
0.98992,4.07
0.99012,4.1162
0.98981,4.0589
0.99028,4.1097
0.98997,4.0623
0.99027,4.0551
0.98992,4.1398
0.99031,4.0866
0.99029,4.1411
0.99026,4.1298
0.9906,4.0819
0.99026,4.1421
0.99016,4.1654
0.98991,4.1756
0.9905,4.0986
0.99023,4.1177
0.99042,4.1853
0.99014,4.1887
0.98961,4.2033
0.98989,4.207
0.98998,4.1392
0.98977,4.1577
0.98984,4.1423
0.9897,4.1692
0.99027,4.2013
0.98943,4.2344
0.98973,4.2308
0.98955,4.2272
0.98939,4.1728
0.98941,4.2077
0.99022,4.2301
0.99008,4.1803
0.98969,4.262
0.98988,4.2708
0.9898,4.2566
0.98996,4.2584
0.98981,4.2304
0.99004,4.2529
0.98969,4.2603
0.99009,4.2564
0.98978,4.2315
0.99013,4.2625
0.9902,4.2686
0.98999,4.2635
0.98987,4.239
0.98978,4.3169
0.98976,4.2801
0.98994,4.2638
0.98999,4.2743
0.98939,4.338
0.99003,4.3293
0.98973,4.3186
0.98974,4.2955
0.99023,4.3654
0.99023,4.3685
0.99021,4.2947
0.9901,4.3386
0.99019,4.3138
0.99019,4.3539
0.99031,4.3447
0.98958,4.3962
0.98945,4.3189
0.9894,4.3591
0.98925,4.4098
0.98994,4.35
0.98935,4.3745
0.98957,4.4039
0.99005,4.4187
0.98978,4.3847
0.98951,4.3581
0.98972,4.4058
0.98991,4.3852
0.98984,4.3987
0.98953,4.4586
0.99012,4.3776
0.99012,4.4427
0.99018,4.4141
0.98954,4.431
0.98955,4.4244
0.98983,4.4531
0.98963,4.495
0.98922,4.414
0.98995,4.455
0.98978,4.5085
0.99008,4.5065
0.98979,4.4987
0.98999,4.4981
0.99005,4.4423
0.98948,4.4419
0.9899,4.4982
0.98957,4.47
0.98949,4.528
0.98964,4.5487
0.98929,4.5177
0.9898,4.5578
0.98978,4.517
0.98977,4.5038
0.98926,4.5633
0.9896,4.5741
0.98983,4.5043
0.98997,4.5106
0.98961,4.566
0.98988,4.5185
0.98913,4.553
0.98958,4.5563
0.98972,4.5937
0.98989,4.5544
0.98935,4.6075
0.9897,4.6207
0.98929,4.608
0.98942,4.5782
0.9892,4.5698
0.98895,4.563
0.99,4.6414
0.98948,4.6516
0.98978,4.6441
0.98958,4.6441
0.98908,4.6423
0.98939,4.5913
0.98955,4.6635
0.98966,4.6442
0.98959,4.6039
0.99012,4.6818
0.98975,4.6128
0.98921,4.694
0.98973,4.6995
0.98921,4.7029
0.98923,4.6899
0.98957,4.6642
0.98996,4.719
0.98925,4.725
0.98948,4.6953
0.98947,4.6993
0.98994,4.7392
0.98932,4.7017
0.98961,4.7006
0.98984,4.682
0.98984,4.687
0.98952,4.7647
0.98956,4.6859
0.98936,4.6956
0.98956,4.7123
0.98921,4.7805
0.98944,4.7089
0.98921,4.7539
0.98942,4.768
0.98899,4.7196
0.98922,4.731
0.98961,4.7395
0.98978,4.7895
0.9896,4.8206
0.99006,4.779
0.98955,4.8356
0.98933,4.8188
0.98983,4.8271
0.98919,4.8442
0.98914,4.7776
0.98946,4.7749
0.98949,4.7812
0.98952,4.8541
0.98937,4.8251
0.98884,4.8237
0.98973,4.8272
0.98926,4.8663
0.98958,4.8756
0.98949,4.8598
0.98949,4.8891
0.98917,4.8245
0.98906,4.8287
0.9897,4.9154
0.98965,4.8817
0.98924,4.9206
0.98954,4.9248
0.98939,4.907
0.98892,4.8535
0.98938,4.8771
0.98907,4.9244
0.98976,4.9426
0.98957,4.9114
0.98952,4.9597
0.98978,4.8801
0.98959,4.935
0.98949,4.907
0.98938,4.9772
0.98921,4.9809
0.98927,4.9686
0.98934,4.992
0.98945,4.911
0.9892,4.9616
0.98906,4.9476
0.98898,4.9408
0.98915,5.0125
0.98978,4.9367
0.98943,4.9933
0.98963,5.0208
0.98937,5.0275
0.98897,5.0387
0.9893,5.0396
0.9892,4.9681
0.98989,5.0298
0.9894,4.9792
0.98945,4.9848
0.98948,5.0098
0.98966,5.0093
0.98936,5.0747
0.98969,5.079
0.98919,5.0397
0.98932,5.084
0.98909,5.0308
0.98957,5.0478
0.98973,5.0202
0.98941,5.0605
0.98913,5.0628
0.98952,5.0285
0.98941,5.0521
0.98903,5.1147
0.98937,5.0563
0.98992,5.0911
0.98956,5.1276
0.98912,5.1151
0.98893,5.1224
0.98961,5.0742
0.98938,5.1569
0.98941,5.076
0.98939,5.1638
0.98954,5.1047
0.98932,5.0981
0.98931,5.1223
0.98927,5.1384
0.98928,5.1889
0.9895,5.1691
0.98911,5.1959
0.98914,5.1394
0.98965,5.1257
0.98937,5.129
0.98944,5.1353
0.98944,5.2133
0.98941,5.1677
0.98923,5.1714
0.98889,5.1491
0.98943,5.1601
0.98918,5.175
0.98926,5.2344
0.98956,5.2047
0.98912,5.21
0.98936,5.2595
0.98906,5.2205
0.98929,5.2584
0.98964,5.2617
0.9894,5.2711
0.98963,5.2057
0.98929,5.2189
0.98955,5.2073
0.98937,5.269
0.98881,5.2947
0.98965,5.2933
0.98941,5.2612
0.98926,5.302
0.98962,5.2752
0.98975,5.3145
0.98932,5.3022
0.98955,5.276
0.98944,5.2794
0.98969,5.2587
0.98916,5.3087
0.98958,5.2605
0.98924,5.3233
0.98967,5.3478
0.98995,5.2735
0.98936,5.2772
0.98971,5.3657
0.98955,5.3673
0.98931,5.3739
0.98955,5.347
0.98965,5.3399
0.98921,5.308
0.98875,5.375
0.98963,5.3095
0.99014,5.3895
0.98975,5.3838
0.99038,5.3442
0.98926,5.3246
0.98892,5.4001
0.98943,5.3498
0.98979,5.3609
0.98918,5.4287
0.98946,5.3536
0.98972,5.3832
0.98966,5.4396
0.98959,5.3784
0.98988,5.3918
0.98922,5.3887
0.98971,5.379
0.989,5.3935
0.98921,5.4615
0.98934,5.3882
0.99007,5.418
0.98943,5.46
0.99025,5.4095
0.98936,5.405
0.98959,5.4933
0.98938,5.411
0.98948,5.4831
0.98952,5.4925
0.98906,5.4829
0.98936,5.4743
0.99016,5.438
0.99013,5.5166
0.98984,5.4519
0.98911,5.4921
0.98977,5.5099
0.98958,5.4511
0.98931,5.4743
0.9898,5.5371
0.98917,5.5291
0.98963,5.4823
0.98952,5.5449
0.98959,5.5084
0.98979,5.5254
0.98951,5.5548
0.98963,5.5594
0.98971,5.505
0.98955,5.5614
0.9894,5.5572
0.99002,5.5037
0.9896,5.52
0.98956,5.5881
0.98993,5.5983
0.98973,5.5685
0.98961,5.5711
0.98988,5.6053
0.98937,5.5511
0.9893,5.6205
0.98967,5.5801
0.98942,5.6225
0.98977,5.5694
0.98985,5.6304
0.98984,5.6353
0.98899,5.6352
0.98964,5.6417
0.98973,5.5672
0.9899,5.6112
0.98977,5.6319
0.9896,5.6209
0.99005,5.6374
0.98905,5.6478
0.98976,5.6563
0.98954,5.6266
0.98912,5.6771
0.98891,5.6732
0.98908,5.674
0.98974,5.6884
0.98873,5.6204
0.98958,5.6241
0.98968,5.6966
0.98987,5.6661
0.98949,5.6952
0.98942,5.71
0.98923,5.6869
0.98963,5.7214
0.98909,5.6433
0.98898,5.6861
0.98932,5.7053
0.98933,5.7206
0.98947,5.6786
0.98931,5.6993
0.9894,5.6585
0.9889,5.7455
0.98891,5.74
0.98895,5.6862
0.9892,5.754
0.98891,5.7233
0.9896,5.686
0.98929,5.7159
0.98965,5.7289
0.98969,5.7652
0.98922,5.7373
0.98948,5.7009
0.98936,5.7349
0.98981,5.7392
0.98959,5.7795
0.98929,5.7568
0.98893,5.7194
0.98916,5.801
0.98911,5.8118
0.98901,5.7942
0.98939,5.81
0.98929,5.7927
0.98936,5.752
0.98912,5.8036
0.98937,5.7975
0.98954,5.7627
0.98917,5.8157
0.98868,5.8312
0.98912,5.7607
0.98939,5.8128
0.98895,5.8466
0.98912,5.8517
0.98947,5.8442
0.98899,5.7963
0.98934,5.8095
0.98911,5.8332
0.98882,5.8537
0.98931,5.8108
0.98902,5.8744
0.98952,5.8868
0.98907,5.816
0.9894,5.8887
0.98911,5.8126
0.98894,5.8773
0.98937,5.8671
0.9893,5.8271
0.98888,5.8317
0.98948,5.9039
0.98915,5.904
0.98912,5.9191
0.98908,5.8848
0.98947,5.9263
0.98922,5.9327
0.98909,5.9257
0.98962,5.9016
0.98949,5.8749
0.98941,5.8965
0.98929,5.9213
0.98936,5.9488
0.98937,5.8919
0.98934,5.9568
0.98939,5.9363
0.98905,5.9553
0.98946,5.9508
0.98938,5.9498
0.98934,5.9322
0.98958,5.9676
0.98957,5.9312
0.98927,5.93
0.98947,5.9708
0.98925,5.9506
0.9893,5.9937
0.98905,5.9448
0.98905,5.946
0.98933,5.9572
0.9892,5.9764
0.98929,5.9564
0.98864,5.9615
0.98923,6.0074
