0.99948,0.20882
0.99943,0.29446
0.99949,0.30019
0.99937,0.2968
0.99925,0.29285
0.99926,0.33182
0.99931,0.27262
0.99868,0.27893
0.99886,0.31213
0.99866,0.35237
0.9989,0.3483
0.99888,0.31492
0.99837,0.32238
0.99886,0.33223
0.99847,0.34981
0.99882,0.40274
0.99829,0.41244
0.99851,0.42174
0.99835,0.408
0.99863,0.39646
0.99818,0.39289
0.99817,0.40425
0.9982,0.47095
0.99818,0.46917
0.998,0.47608
0.99778,0.43401
0.998,0.4482
0.998,0.47631
0.99736,0.51404
0.99729,0.47324
0.99761,0.50534
0.99741,0.54572
0.99705,0.52567
0.99741,0.50763
0.99749,0.54925
0.9978,0.59833
0.99758,0.59984
0.99714,0.53803
0.99693,0.59109
0.99758,0.62218
0.99707,0.63005
0.99743,0.60483
0.99711,0.5796
0.99754,0.59956
0.99688,0.59581
0.99674,0.67817
0.9969,0.68477
0.99687,0.68742
0.99751,0.69754
0.99662,0.67671
0.99671,0.71595
0.9971,0.71526
0.99687,0.73229
0.99693,0.7241
0.99687,0.67689
0.99664,0.69223
0.99703,0.7197
0.99699,0.77093
0.99685,0.78073
0.99698,0.71585
0.99725,0.7181
0.99702,0.76855
0.99654,0.76205
0.99665,0.78948
0.99632,0.82299
0.99663,0.83141
0.99693,0.84121
0.99624,0.83553
0.99633,0.77862
0.99647,0.85843
0.99644,0.80843
0.99649,0.85655
0.99664,0.86117
0.99622,0.88622
0.99668,0.87583
0.99639,0.90623
0.99645,0.91154
0.99626,0.9152
0.99644,0.9081
0.99617,0.91529
0.99626,0.94317
0.9962,0.91625
0.99602,0.89945
0.99634,0.93429
0.99603,0.90824
0.99569,0.92477
0.99621,0.97312
0.99597,0.9261
0.99626,1.0014
0.99632,0.96886
0.9957,1.0162
0.99588,0.97055
0.99598,0.99931
0.99581,0.9994
0.99629,0.97188
0.99609,0.97953
0.99596,1.0299
0.9955,1.0069
0.99577,1.0047
0.99565,1.0107
0.99577,1.0874
0.99551,1.0876
0.99605,1.0394
0.99573,1.0409
0.99554,1.1237
0.99597,1.1245
0.99553,1.1297
0.99554,1.0991
0.99576,1.139
0.9961,1.0814
0.99572,1.0977
0.99619,1.1683
0.99598,1.1692
0.99593,1.1311
0.99573,1.1315
0.99593,1.1252
0.99538,1.1945
0.99561,1.1756
0.99587,1.1939
0.99596,1.2006
0.99595,1.1589
0.99574,1.2265
0.99589,1.2123
0.99543,1.2277
0.99546,1.19
0.99555,1.2444
0.99546,1.27
0.99529,1.2063
0.99575,1.2431
0.99524,1.2366
0.99543,1.2361
0.99597,1.2604
0.99547,1.2454
0.99532,1.2499
0.99529,1.297
0.99518,1.3484
0.99475,1.3359
0.99453,1.3043
0.9948,1.3464
0.99502,1.3704
0.99501,1.3595
0.99509,1.3859
0.99532,1.3956
0.99522,1.3571
0.99541,1.3335
0.99505,1.3784
0.99495,1.4115
0.99523,1.3841
0.99518,1.369
0.99563,1.3805
0.99543,1.4155
0.99491,1.3821
0.99548,1.3876
0.99501,1.3938
0.99529,1.4747
0.99523,1.4539
0.99489,1.4733
0.99497,1.4111
0.99485,1.4767
0.99507,1.4918
0.99533,1.4676
0.99492,1.4785
0.99467,1.5026
0.99524,1.4561
0.99499,1.4733
0.99561,1.5333
0.99567,1.5403
0.99508,1.5593
0.99534,1.487
0.99555,1.5106
0.9951,1.558
0.99521,1.5554
0.99524,1.5991
0.99502,1.5218
0.99503,1.5697
0.9957,1.5706
0.99514,1.5739
0.9958,1.5892
0.99565,1.6276
0.99575,1.5562
0.99519,1.6361
0.99556,1.6529
0.9956,1.6555
0.99507,1.6624
0.99565,1.6774
0.99498,1.6641
0.99503,1.6691
0.99514,1.6187
0.9949,1.696
0.99517,1.6688
0.99539,1.6691
0.99464,1.6905
0.99482,1.6916
0.99493,1.7313
0.99473,1.6533
0.99507,1.6847
0.9952,1.6761
0.99501,1.7004
0.99513,1.6932
0.99477,1.6896
0.99515,1.6979
0.99467,1.7789
0.9946,1.8004
0.99499,1.7311
0.99523,1.771
0.99467,1.7762
0.9952,1.7944
0.99481,1.7419
0.99485,1.7825
0.99437,1.7723
0.99448,1.8485
0.99464,1.7873
0.99421,1.8478
0.99438,1.8471
0.99476,1.8152
0.99493,1.8738
0.99452,1.8665
0.99442,1.8283
0.99437,1.8856
0.99451,1.8735
0.99434,1.8579
0.99423,1.8838
0.99435,1.9173
0.99464,1.9067
0.99437,1.9177
0.99484,1.9231
0.99441,1.928
0.9944,1.878
0.99429,1.869
0.99403,1.8717
0.99461,1.9307
0.99429,1.9323
0.99461,1.8831
0.99403,1.9187
0.99463,1.8917
0.99474,1.9491
0.99429,1.9833
0.99416,1.9324
0.99428,1.9426
0.99426,1.9578
0.99409,1.9247
0.99413,1.9324
0.99394,1.9459
0.9941,2.0038
0.99438,2.0121
0.99442,2.0315
0.99383,1.9695
0.99468,1.9728
0.99438,2.0481
0.99447,2.05
0.99376,2.0208
0.99399,2.01
0.99427,2.0587
0.99394,2.0055
0.99435,2.0431
0.99408,2.0421
0.99398,2.0242
0.99427,2.1072
0.99377,2.0739
0.99437,2.0319
0.99404,2.0577
0.99439,2.0372
0.9938,2.1002
0.99425,2.0446
0.99445,2.0617
0.99403,2.1354
0.99394,2.0611
0.99408,2.1587
0.99402,2.1435
0.99403,2.133
0.99432,2.1413
0.99445,2.0884
0.99491,2.1237
0.9939,2.1792
0.99432,2.1792
0.99428,2.1869
0.99428,2.1777
0.99415,2.166
0.99441,2.187
0.99477,2.2147
0.99457,2.2222
0.99435,2.1946
0.99392,2.1902
0.99388,2.2301
0.99402,2.2227
0.99394,2.251
0.99376,2.2382
0.99442,2.2224
0.99464,2.2309
0.99426,2.1842
0.99415,2.2638
0.99453,2.2774
0.99417,2.2373
0.99476,2.2106
0.99406,2.2897
0.99415,2.2918
0.99404,2.2326
0.99429,2.3145
0.99409,2.307
0.99414,2.3038
0.99414,2.2405
0.99378,2.2444
0.99402,2.2478
0.99309,2.255
0.9939,2.329
0.99394,2.2923
0.99369,2.3109
0.99432,2.3123
0.99353,2.3237
0.99411,2.3072
0.99383,2.3617
0.99428,2.3338
0.99412,2.3119
0.99373,2.3199
0.99388,2.3647
0.99399,2.3644
0.99373,2.4053
0.99376,2.3271
0.994,2.3315
0.99342,2.3416
0.99351,2.4334
0.9936,2.3957
0.99314,2.4359
0.99302,2.393
0.99209,2.4244
0.99279,2.4385
0.99344,2.3785
0.99451,2.45
0.99503,2.4347
0.99439,2.4312
0.99378,2.3936
0.99309,2.4808
0.9933,2.4041
0.99285,2.4866
0.994,2.4124
0.99493,2.4314
0.99632,2.488
0.99674,2.5096
0.99584,2.4403
0.99435,2.5175
0.99329,2.4584
0.99282,2.481
0.99274,2.4715
0.99281,2.529
0.99305,2.5567
0.99278,2.5589
0.99325,2.4957
0.99347,2.5655
0.99398,2.5157
0.9934,2.4976
0.99424,2.5668
0.99375,2.5834
0.99369,2.5849
0.99308,2.5326
0.99374,2.5588
0.99344,2.61
0.99398,2.622
0.99366,2.6116
0.99372,2.5459
0.99375,2.5524
0.99309,2.5985
0.99377,2.6318
0.99399,2.6541
0.99352,2.6018
0.99354,2.6684
0.99355,2.6506
0.99357,2.6597
0.99336,2.5882
0.99305,2.6121
0.99379,2.6044
0.99346,2.6132
0.99336,2.7039
0.99298,2.707
0.99302,2.7112
0.99382,2.72
0.99319,2.6975
0.99376,2.7262
0.99367,2.6608
0.99294,2.7256
0.99322,2.6509
0.99365,2.7419
0.99306,2.7429
0.99337,2.7115
0.99376,2.7147
0.99358,2.6928
0.99351,2.7669
0.99332,2.7485
0.99358,2.6968
0.99332,2.7864
0.99297,2.7627
0.99338,2.73
0.99323,2.7921
0.99355,2.799
0.99325,2.815
0.99292,2.7301
0.99301,2.7898
0.99293,2.757
0.99294,2.7669
0.99312,2.7636
0.99304,2.8182
0.99359,2.7818
0.99309,2.799
0.99345,2.8658
0.9929,2.8352
0.9929,2.8367
0.99316,2.8023
0.99323,2.7968
0.99275,2.8816
0.9928,2.8297
0.99261,2.8557
0.99263,2.8737
0.99262,2.8196
0.99251,2.8246
0.99284,2.9071
0.99292,2.88
0.99308,2.8956
0.9926,2.8527
0.9927,2.8511
0.99242,2.8888
0.99256,2.924
0.99241,2.8796
0.99254,2.94
0.99293,2.9002
0.99239,2.9068
0.99285,2.9747
0.99343,2.938
0.99281,2.9436
0.99245,2.9876
0.99276,2.9905
0.99326,2.919
0.99255,2.9239
0.99269,3.0127
0.99283,2.9855
0.99299,3.0262
0.99345,2.9966
0.99288,3.0413
0.99314,3.045
0.99283,2.9896
0.99256,2.9957
0.9928,3.0317
0.99315,3.0674
0.99259,3.0665
0.99281,3.0432
0.99258,3.0285
0.99284,3.0281
0.99251,3.0759
0.99268,3.0933
0.99294,3.0457
0.99267,3.0797
0.99213,3.0905
0.99197,3.076
0.99215,3.0314
0.99293,3.038
0.99401,3.063
0.99275,3.1066
0.99215,3.1084
0.99254,3.0662
0.99291,3.0895
0.99258,3.1308
0.99274,3.0927
0.99295,3.1138
0.99254,3.1565
0.9928,3.1064
0.99258,3.097
0.99231,3.158
0.99311,3.1992
0.99299,3.1982
0.9927,3.1452
0.99266,3.1465
0.99249,3.1499
0.99279,3.1989
0.99212,3.1777
0.9925,3.1478
0.99221,3.1914
0.99257,3.1777
0.99254,3.1546
0.99259,3.1897
0.99225,3.2361
0.99239,3.2552
0.9921,3.2484
0.99243,3.2347
0.99235,3.1889
0.99215,3.1905
0.99202,3.2822
0.99244,3.2747
0.99205,3.276
0.99163,3.2282
0.99184,3.2261
0.9918,3.2719
0.99187,3.2829
0.9923,3.3215
0.99221,3.3203
0.99234,3.2784
0.99192,3.2569
0.99173,3.2769
0.99185,3.3415
0.99183,3.3168
0.99278,3.2737
0.99207,3.2721
0.99244,3.2823
0.99174,3.2818
0.99181,3.3654
0.99226,3.3551
0.99171,3.3549
0.99132,3.3628
0.99188,3.3344
0.99196,3.3585
0.99209,3.3247
0.99166,3.4057
0.99166,3.4093
0.99161,3.399
0.99214,3.4052
0.99191,3.3652
0.99157,3.4121
0.99156,3.4196
0.9917,3.4291
0.99169,3.3792
0.99183,3.4386
0.99157,3.3805
0.99162,3.4702
0.99165,3.4724
0.99152,3.4504
0.9915,3.4637
0.99177,3.4689
0.99199,3.4975
0.9924,3.4836
0.99143,3.4587
0.99163,3.4556
0.99211,3.4558
0.99195,3.4615
0.9919,3.5135
0.99247,3.4823
0.99157,3.4546
0.99124,3.4717
0.99166,3.5233
0.99146,3.5421
0.99146,3.538
0.99197,3.5531
0.99192,3.4974
0.99176,3.5202
0.99184,3.581
0.99144,3.5666
0.99139,3.5559
0.99139,3.5726
0.99155,3.5276
0.99182,3.5619
0.99189,3.5497
0.99208,3.6189
0.99177,3.5371
0.99186,3.6227
0.99198,3.5764
0.99148,3.6366
0.99151,3.567
0.9921,3.6403
0.99133,3.6547
0.99173,3.6255
0.99175,3.6513
0.99167,3.6052
0.99191,3.679
0.99182,3.6017
0.99179,3.6825
0.9919,3.6645
0.99159,3.6872
0.9919,3.6647
0.99188,3.656
0.99195,3.6481
0.99214,3.6938
0.9922,3.6879
0.99188,3.6423
0.99154,3.726
0.99223,3.7299
0.99184,3.7435
0.99226,3.7199
0.99215,3.7552
0.99127,3.7301
0.99196,3.6772
0.99216,3.6839
0.99166,3.7693
0.99213,3.7681
0.99193,3.7559
0.99197,3.7428
0.99241,3.728
0.99207,3.7677
0.99203,3.7952
0.9919,3.7215
0.99185,3.7267
0.99194,3.7979
0.99256,3.7867
0.99201,3.8266
0.99235,3.8195
0.99255,3.7737
0.99207,3.8318
0.9918,3.7788
0.99168,3.8144
0.99137,3.8584
0.99125,3.7843
0.99136,3.8179
0.9915,3.8331
0.99164,3.8903
0.99225,3.8621
0.99211,3.8552
0.99161,3.8518
0.99184,3.8997
0.99205,3.8265
0.99166,3.8968
0.99201,3.9002
0.99155,3.8833
0.99169,3.8798
0.99198,3.8709
0.99179,3.9321
0.99117,3.9516
0.99157,3.9095
0.99198,3.875
0.99124,3.9556
0.99173,3.8995
0.99184,3.9742
0.99185,3.9702
0.99157,3.9491
0.99169,3.9828
0.99204,3.9942
0.9914,3.9276
0.99181,3.9898
0.99148,3.9906
0.99144,3.9874
0.99154,3.9789
0.99197,3.9399
0.99137,3.9834
0.99154,3.9551
0.99216,3.9802
0.9917,3.9819
0.99178,4.0251
0.99169,4.026
0.99183,3.9951
0.99186,3.9865
0.99147,3.9855
0.99205,4.0281
0.99189,4.0113
0.99176,4.0225
0.99167,4.0959
0.99123,4.0725
0.99155,4.0253
0.99182,4.0244
0.992,4.0336
0.99129,4.0622
0.99172,4.1231
0.99159,4.0489
0.99184,4.0534
0.99173,4.1011
0.99127,4.0643
0.9922,4.0942
0.99162,4.1412
0.99232,4.1514
0.9921,4.1124
0.99213,4.1582
0.99183,4.0936
0.99093,4.1098
0.99196,4.1082
0.99186,4.1109
0.9917,4.1527
0.99123,4.1939
0.99142,4.2148
0.99136,4.2081
0.99189,4.1955
0.99188,4.1845
0.99122,4.2079
0.9914,4.2011
0.992,4.205
0.99167,4.1583
0.99146,4.2512
0.99149,4.2125
0.99175,4.2133
0.99165,4.2291
0.99164,4.196
0.99125,4.2733
0.99148,4.2824
0.99183,4.2851
0.99159,4.2087
0.99141,4.2183
0.99142,4.2897
0.99148,4.262
0.99181,4.2851
0.99197,4.3155
0.99142,4.2718
0.99114,4.2496
0.99208,4.3227
0.99163,4.3156
0.99189,4.3194
0.99159,4.3048
0.99194,4.3505
0.99181,4.2782
0.99146,4.3253
0.99146,4.3618
0.99174,4.3688
0.99146,4.3285
0.99109,4.29
0.99139,4.3528
0.99224,4.3509
0.99169,4.3677
0.99233,4.3337
0.99177,4.3915
0.9918,4.3375
0.99206,4.3613
0.99157,4.3785
0.99174,4.408
0.99195,4.4211
0.99176,4.427
0.9919,4.421
0.99179,4.4209
0.99117,4.4132
0.9918,4.4469
0.99165,4.4487
0.99233,4.4329
0.99158,4.408
0.99206,4.3859
0.9918,4.4123
0.99176,4.4802
0.99162,4.4128
0.99175,4.4884
0.99264,4.4824
0.99168,4.4662
0.99132,4.4845
0.99204,4.4956
0.99207,4.4657
0.99137,4.442
0.99119,4.4719
0.99159,4.4697
0.99168,4.4739
0.99204,4.5288
0.99175,4.5242
0.99142,4.5249
0.99131,4.5526
0.9918,4.5141
0.99162,4.5487
0.99238,4.5558
0.99225,4.5735
0.99157,4.5577
0.99131,4.516
0.99244,4.5898
0.99169,4.5282
0.99208,4.5666
0.99147,4.5274
0.99153,4.5417
0.99162,4.5635
0.99119,4.5481
0.99194,4.6199
0.99214,4.6203
0.99172,4.5877
0.9918,4.5565
0.99152,4.6281
0.99136,4.6427
0.99149,4.5987
0.99116,4.6172
0.99179,4.6398
0.99115,4.5797
0.99091,4.5944
0.99126,4.6149
0.99109,4.6381
0.99116,4.683
0.9917,4.6061
0.99144,4.6672
0.99187,4.6678
0.99168,4.7113
0.99119,4.6634
0.99152,4.7175
0.99167,4.7205
0.992,4.7301
0.99218,4.7311
0.99178,4.6545
0.99156,4.718
0.99192,4.6669
0.99185,4.7193
0.99156,4.6709
0.99167,4.7606
0.99175,4.7217
0.9916,4.6884
0.99165,4.7197
0.99162,4.7058
0.99203,4.7184
0.99172,4.7934
0.99256,4.7758
0.99196,4.7293
0.99175,4.7851
0.99143,4.7271
0.99164,4.7337
0.99156,4.7349
0.99156,4.7895
0.99165,4.8163
0.99151,4.7531
0.99181,4.8138
0.99172,4.8416
0.992,4.7832
0.99227,4.8475
0.99198,4.8365
0.99199,4.8584
0.99168,4.7784
0.9918,4.7826
0.99187,4.8763
0.99209,4.8083
0.99224,4.8085
0.9914,4.8179
0.99167,4.8087
0.99192,4.8439
0.99139,4.9051
0.9918,4.857
0.99169,4.8423
0.99233,4.8907
0.99172,4.8848
0.99188,4.8675
0.99194,4.8856
0.99207,4.8723
0.99177,4.9344
0.9917,4.8798
0.99188,4.9163
0.99198,4.9184
0.99158,4.9472
0.9918,4.9248
0.99167,4.8978
0.99205,4.8903
0.99207,4.9304
0.99135,4.9116
0.99176,4.9252
0.99158,4.9954
0.99179,4.9927
0.99184,5.0048
0.99198,4.9418
0.9914,5.0115
0.99132,5.0173
0.99163,5.0244
0.99129,5.0176
0.99161,5.0118
0.99156,4.9784
0.99144,4.9588
0.9912,4.9864
0.9912,4.9927
0.99127,5.0162
0.99137,4.9912
0.99107,5.0065
0.9913,4.9944
0.99126,5.0499
0.9918,5.0732
0.99173,5.0051
0.99144,5.0489
0.9916,5.0954
0.99162,5.0313
0.99162,5.0969
0.99146,5.0219
0.99145,5.0616
0.99129,5.0921
0.99115,5.0625
0.99163,5.1276
0.99139,5.1317
0.99161,5.0656
0.9913,5.0802
0.99079,5.0594
0.99131,5.143
0.99102,5.0699
0.99104,5.12
0.99116,5.0993
0.99121,5.1554
0.99135,5.0864
0.99128,5.1778
0.99166,5.1704
0.99144,5.1494
0.99138,5.1615
0.9909,5.143
0.99078,5.1953
0.99145,5.1296
0.9913,5.1967
0.99111,5.1415
0.99101,5.1403
0.9908,5.2316
0.99148,5.1953
0.99119,5.1893
0.99129,5.2151
0.99175,5.2059
0.99147,5.1738
0.99101,5.254
0.99133,5.2617
0.99148,5.185
0.99146,5.2018
0.99126,5.2307
0.9914,5.2804
0.99121,5.2152
0.99123,5.2255
0.99184,5.287
0.99133,5.2291
0.99221,5.2214
0.99161,5.2262
0.99131,5.3114
0.99094,5.2617
0.99139,5.3178
0.9918,5.2967
0.99169,5.3111
0.9918,5.2776
0.99136,5.2945
0.99162,5.3299
0.9922,5.3444
0.99167,5.3073
0.99165,5.3219
0.99166,5.3116
0.99169,5.3599
0.99167,5.282
0.99184,5.3518
0.9912,5.335
0.99153,5.3711
0.99144,5.351
0.99174,5.3884
0.99101,5.3816
0.99148,5.4041
0.99118,5.4022
0.9914,5.3626
0.99153,5.3438
0.9913,5.4222
0.99149,5.4159
0.9922,5.4153
0.99179,5.3623
0.99173,5.3838
0.99156,5.4383
0.99164,5.4246
0.99186,5.4485
0.99147,5.4299
0.99142,5.382
0.99161,5.3997
0.99138,5.4433
0.99189,5.444
0.99159,5.4678
0.99152,5.4836
0.99186,5.402
0.9913,5.4122
0.99153,5.4343
0.99167,5.4902
0.99164,5.504
0.99123,5.4597
0.99127,5.472
0.99134,5.5073
0.99128,5.4859
0.9919,5.5224
0.99146,5.5271
0.99182,5.4916
0.99195,5.5232
0.99177,5.4559
0.99176,5.5015
0.99153,5.47
0.99167,5.5331
0.99157,5.5507
0.9914,5.5108
0.99163,5.5441
0.99204,5.5489
0.99204,5.5112
0.99142,5.5023
0.99171,5.5528
0.99161,5.5656
0.99187,5.5195
0.99141,5.5903
0.99232,5.5696
0.99246,5.5876
0.99243,5.6081
0.99239,5.5416
0.99213,5.5407
0.99187,5.6118
0.99203,5.6177
0.992,5.5427
0.99248,5.6261
0.99176,5.6242
0.99172,5.5951
0.99204,5.6229
0.99187,5.5773
0.99184,5.6348
0.99176,5.6574
0.99122,5.5734
0.99138,5.6215
0.99119,5.6581
0.99158,5.5943
0.99205,5.6689
0.99246,5.6608
0.99191,5.6604
0.99171,5.6446
0.99218,5.658
0.9919,5.6828
0.99222,5.6593
0.99217,5.7044
0.99202,5.6544
0.99211,5.7142
0.99215,5.6618
0.99239,5.6786
0.99186,5.6765
0.99211,5.72
0.99154,5.7077
0.99191,5.7351
0.99184,5.711
0.99198,5.6845
0.99153,5.746
0.99154,5.7453
0.99206,5.7556
0.99241,5.7476
0.99258,5.726
0.99265,5.7552
0.99182,5.6926
0.99198,5.776
0.99128,5.7579
0.99126,5.781
0.9919,5.7229
0.99125,5.7112
0.99132,5.7596
0.99123,5.7333
0.99167,5.7982
0.991,5.8
0.99148,5.7723
0.99089,5.8094
0.99097,5.7637
0.99135,5.8109
0.99118,5.7654
0.99092,5.8106
0.9907,5.7657
0.99159,5.8355
0.99171,5.8426
0.99103,5.7614
0.99107,5.8491
0.99103,5.7789
0.99107,5.7943
0.9915,5.8564
0.99135,5.8687
0.99147,5.8112
0.99169,5.7949
0.99181,5.8675
0.99082,5.8044
0.99077,5.8801
0.99153,5.8887
0.99062,5.8734
0.9907,5.8398
0.99169,5.8502
0.99173,5.9031
0.99125,5.9031
0.99165,5.8398
0.99089,5.8937
0.99164,5.868
0.99153,5.9138
0.99173,5.8801
0.9911,5.849
0.99135,5.9186
0.99152,5.9401
0.99112,5.9233
0.99129,5.8653
0.99098,5.8713
0.99136,5.9061
0.99128,5.9538
0.99106,5.8964
0.99109,5.8979
0.99156,5.9102
0.9918,5.9113
0.99177,5.8926
0.991,5.9755
0.99176,5.9692
0.9914,5.9312
0.9908,5.9621
0.99153,5.9379
0.99098,5.9949
0.99152,5.9876
0.9914,5.9376
0.9911,6.0065
