1.0335,0.21545
1.0336,0.27006
1.0337,0.27491
1.0336,0.25957
1.0336,0.25018
1.0335,0.30856
1.0336,0.27642
1.0333,0.313
1.0336,0.35658
1.0334,0.33218
1.0335,0.38177
1.0334,0.35507
1.0334,0.39408
1.0334,0.36753
1.0335,0.36661
1.0336,0.38566
1.0334,0.40058
1.0335,0.43176
1.0335,0.45639
1.0336,0.40617
1.0336,0.45621
1.0336,0.48542
1.0336,0.46903
1.0336,0.50461
1.0335,0.48602
1.0335,0.52365
1.0336,0.52832
1.0335,0.51866
1.0335,0.49549
1.0335,0.56861
1.0336,0.55121
1.0335,0.55739
1.0337,0.59535
1.0336,0.56774
1.0336,0.60501
1.0335,0.61293
1.0334,0.61879
1.0336,0.64118
1.0336,0.57827
1.0335,0.64571
1.0336,0.66027
1.0336,0.60423
1.0337,0.6681
1.0336,0.6822
1.0337,0.67817
1.0337,0.68623
1.0336,0.71068
1.0337,0.72368
1.0336,0.7067
1.0338,0.73975
1.0338,0.6947
1.0337,0.74433
1.0338,0.75234
1.0336,0.71178
1.0337,0.76494
1.0338,0.79666
1.0338,0.8082
1.0337,0.79144
1.0339,0.77002
1.0337,0.79433
1.0338,0.83453
1.0337,0.84227
1.0338,0.8538
1.0338,0.83737
1.0339,0.80225
1.0337,0.80729
1.0338,0.88494
1.0339,0.8859
1.0339,0.89542
1.0338,0.90366
1.0337,0.85989
1.0337,0.85476
1.0337,0.8891
1.0338,0.86777
1.0338,0.93644
1.0338,0.93484
1.0337,0.91126
1.0338,0.90078
1.0337,0.90558
1.0338,0.98108
1.0337,0.98145
1.0338,0.94464
1.0338,0.97541
1.0339,0.94533
1.0338,1.0106
1.0337,0.99161
1.0338,1.0219
1.0338,1.0011
1.0338,1.0357
1.0338,0.97646
1.0339,1.0447
1.0338,1.0611
1.0338,1.0667
1.0339,1.0712
1.0338,1.064
1.0338,1.0369
1.0338,1.0998
1.034,1.0332
1.0339,1.0416
1.0339,1.0889
1.0339,1.1316
1.0337,1.085
1.0339,1.1229
1.0339,1.1321
1.034,1.0907
1.0339,1.1512
1.034,1.1422
1.0339,1.1921
1.0339,1.1959
1.0338,1.1306
1.0338,1.1437
1.0339,1.1463
1.0338,1.1646
1.034,1.1586
1.0338,1.2443
1.0339,1.2144
1.0338,1.1977
1.0339,1.2137
1.0338,1.2395
1.0338,1.2283
1.0339,1.2554
1.034,1.2204
1.0339,1.2519
1.0338,1.3116
1.0339,1.2492
1.0339,1.3252
1.0338,1.3251
1.0338,1.3081
1.0338,1.2881
1.0338,1.3333
1.0339,1.318
1.0338,1.3641
1.0339,1.3583
1.034,1.3481
1.034,1.3933
1.034,1.4007
1.034,1.3795
1.0339,1.3441
1.0341,1.344
1.0339,1.4139
1.034,1.4376
1.034,1.3704
1.034,1.4413
1.034,1.4341
1.034,1.4522
1.034,1.3887
1.0339,1.3969
1.0339,1.4799
1.0341,1.4256
1.0338,1.4743
1.0339,1.4914
1.0338,1.506
1.0339,1.5136
1.0339,1.5124
1.0338,1.4952
1.034,1.5103
1.0339,1.4706
1.0338,1.5224
1.034,1.5556
1.0339,1.5551
1.034,1.569
1.0339,1.5288
1.034,1.5246
1.0339,1.5128
1.0341,1.5723
1.0341,1.575
1.0341,1.5767
1.034,1.5521
1.034,1.6167
1.0341,1.5561
1.0341,1.6353
1.0341,1.5878
1.0341,1.5735
1.034,1.5751
1.0341,1.5933
1.034,1.6531
1.0342,1.6452
1.034,1.66
1.0341,1.6267
1.0341,1.6504
1.0341,1.6342
1.0341,1.6971
1.0339,1.6737
1.0341,1.6314
1.034,1.6424
1.034,1.6574
1.034,1.7216
1.0341,1.7385
1.034,1.7247
1.0341,1.7372
1.0341,1.7048
1.0341,1.7488
1.0342,1.7036
1.0341,1.6968
1.0341,1.7495
1.0342,1.7108
1.0342,1.7907
1.0342,1.7558
1.0342,1.7627
1.0341,1.816
1.0343,1.7761
1.0343,1.8232
1.0342,1.8296
1.0342,1.796
1.0341,1.8291
1.0343,1.8324
1.0342,1.8307
1.0341,1.7905
1.0341,1.8439
1.0342,1.8082
1.0343,1.8172
1.034,1.8488
1.0342,1.8953
1.0342,1.8254
1.0342,1.8489
1.0343,1.892
1.0342,1.8764
1.0342,1.897
1.0342,1.9323
1.034,1.9369
1.034,1.8759
1.034,1.941
1.0341,1.8802
1.0341,1.9179
1.034,1.9299
1.0342,1.9448
1.034,1.9812
1.0341,1.935
1.0342,1.9284
1.0342,1.9221
1.0342,2.0046
1.0342,1.9903
1.0342,1.9946
1.0342,2.0303
1.0342,2.0283
1.0342,1.9929
1.0342,1.9738
1.0341,2.0387
1.0342,2.0681
1.0342,2.0239
1.0341,2.0597
1.0341,1.9994
1.0342,2.0622
1.0342,2.071
1.0341,2.0618
1.0342,2.0848
1.0342,2.0382
1.0343,2.1007
1.0342,2.0916
1.0341,2.1095
1.0342,2.0694
1.0343,2.0542
1.0344,2.1044
1.0342,2.074
1.0343,2.0792
1.0342,2.161
1.0341,2.1506
1.0343,2.0939
1.0343,2.139
1.0343,2.1747
1.0342,2.1698
1.0344,2.1332
1.0343,2.1117
1.0342,2.2067
1.0342,2.2117
1.0342,2.2114
1.0343,2.2177
1.0343,2.2084
1.0343,2.1421
1.0342,2.1437
1.0342,2.1812
1.0342,2.2038
1.034,2.2294
1.0341,2.1864
1.0341,2.194
1.0343,2.1828
1.0342,2.216
1.0342,2.2723
1.0342,2.235
1.0344,2.1992
1.0342,2.2318
1.0343,2.2114
1.0343,2.2491
1.0342,2.2621
1.0344,2.2702
1.0342,2.2853
1.0342,2.3212
1.0342,2.2635
1.0342,2.3152
1.0343,2.3151
1.0342,2.312
1.0343,2.261
1.0342,2.3465
1.0343,2.2911
1.0342,2.3515
1.0341,2.3627
1.0343,2.3708
1.0342,2.3532
1.0341,2.3052
1.0343,2.3516
1.0344,2.3784
1.0344,2.3984
1.0344,2.3774
1.0343,2.3308
1.0342,2.3495
1.0342,2.3682
1.0343,2.4035
1.0341,2.357
1.0343,2.3817
1.0343,2.3574
1.0343,2.3874
1.0344,2.4088
1.0344,2.3624
1.0341,2.4261
1.0345,2.3875
1.0343,2.4576
1.0345,2.4554
1.0345,2.3989
1.0344,2.4508
1.0344,2.4483
1.0343,2.4117
1.0344,2.4597
1.0343,2.4696
1.0342,2.4248
1.0341,2.5036
1.0341,2.4791
1.0341,2.4346
1.0342,2.452
1.0342,2.4426
1.0342,2.5348
1.0343,2.541
1.0341,2.5426
1.0341,2.4934
1.0342,2.5559
1.0342,2.4728
1.0342,2.5521
1.0342,2.4961
1.0342,2.5593
1.0342,2.5383
1.0341,2.4995
1.0341,2.5515
1.0342,2.5274
1.0342,2.584
1.0341,2.5361
1.034,2.5834
1.0341,2.5407
1.0341,2.6155
1.0344,2.6295
1.0341,2.6187
1.0342,2.6374
1.0341,2.6043
1.0342,2.6003
1.034,2.6522
1.034,2.644
1.034,2.6597
1.0341,2.6506
1.0341,2.6552
1.0342,2.632
1.0341,2.6802
1.0341,2.6183
1.0341,2.6332
1.0341,2.684
1.0341,2.663
1.034,2.709
1.0341,2.6896
1.034,2.6746
1.034,2.667
1.0339,2.664
1.034,2.6627
1.034,2.7006
1.0341,2.733
1.0342,2.7264
1.0342,2.7196
1.0341,2.6872
1.0341,2.7228
1.0341,2.7688
1.0341,2.7498
1.0339,2.7191
1.034,2.7034
1.0343,2.7487
1.0339,2.7291
1.0339,2.7661
1.0339,2.7811
1.0339,2.783
1.034,2.8108
1.0339,2.814
1.0338,2.8012
1.0339,2.7603
1.034,2.8318
1.0339,2.776
1.0339,2.7645
1.0342,2.8271
1.034,2.7956
1.034,2.7992
1.034,2.8447
1.034,2.8027
1.0339,2.7998
1.034,2.8902
1.0339,2.8886
1.034,2.8932
1.034,2.8937
1.0338,2.8864
1.0339,2.8307
1.0338,2.9155
1.034,2.9258
1.0338,2.9336
1.0338,2.8522
1.0339,2.8601
1.0338,2.9417
1.0338,2.877
1.0339,2.9439
1.0339,2.9092
1.0339,2.9195
1.0338,2.8856
1.0338,2.9809
1.0338,2.9847
1.0338,2.9429
1.0339,2.9724
1.0337,2.975
1.034,2.9641
1.0338,3.007
1.0338,3.0108
1.0339,2.9849
1.0338,2.9549
1.0337,2.989
1.0338,2.9943
1.0338,2.9562
1.0338,3.0515
1.0338,3.0438
1.0338,3.0368
1.0337,3.0265
1.0338,3.0086
1.0338,3.0515
1.0338,3.014
1.0338,3.0415
1.0337,3.0417
1.0337,3.0893
1.0338,3.1072
1.0338,3.0451
1.0338,3.0955
1.0337,3.0651
1.0338,3.1204
1.0338,3.0433
1.0338,3.1321
1.0338,3.1171
1.0338,3.06
1.0338,3.0688
1.0338,3.1447
1.0338,3.1536
1.0338,3.1361
1.0339,3.141
1.0338,3.1451
1.0338,3.1001
1.0338,3.0993
1.0337,3.1292
1.0338,3.1965
1.0339,3.1889
1.0338,3.1323
1.0338,3.1247
1.0339,3.2161
1.0338,3.1639
1.0338,3.2153
1.0338,3.2144
1.034,3.1772
1.0338,3.2335
1.0336,3.1862
1.0337,3.1865
1.0338,3.2486
1.0338,3.2408
1.0338,3.2518
1.0338,3.2048
1.0338,3.2828
1.0338,3.2277
1.0337,3.2115
1.0338,3.2151
1.0339,3.2288
1.0339,3.3029
1.0338,3.2998
1.0338,3.3039
1.0337,3.2659
1.0338,3.249
1.0339,3.3021
1.0338,3.2546
1.0337,3.3287
1.0338,3.2889
1.0337,3.3426
1.0338,3.2861
1.0338,3.2782
1.0338,3.2781
1.0339,3.3652
1.0338,3.3526
1.0339,3.2959
1.0337,3.3735
1.0338,3.3099
1.034,3.3083
1.0338,3.397
1.0339,3.3249
1.0339,3.404
1.0338,3.3634
1.0338,3.4197
1.0337,3.4146
1.0338,3.3616
1.0338,3.3734
1.0338,3.3982
1.0337,3.3888
1.0337,3.4449
1.0336,3.4036
1.0337,3.4047
1.0336,3.4719
1.0337,3.4888
1.0337,3.4819
1.0337,3.4895
1.0335,3.4168
1.0336,3.5042
1.0336,3.4972
1.0336,3.4891
1.0336,3.5162
1.0336,3.4589
1.0336,3.4599
1.0335,3.4911
1.0335,3.5437
1.0335,3.5538
1.0336,3.5333
1.0336,3.4869
1.0337,3.4767
1.0336,3.54
1.0335,3.4928
1.0335,3.578
1.0336,3.4994
1.0336,3.5544
1.0334,3.5359
1.0334,3.6021
1.0334,3.6025
1.0335,3.5741
1.0334,3.6048
1.0334,3.6076
1.0335,3.5658
1.0335,3.5684
1.0335,3.5504
1.0335,3.6299
1.0335,3.6378
1.0334,3.6376
1.0335,3.6158
1.0334,3.5714
1.0333,3.5759
1.0331,3.586
1.0332,3.6547
1.0331,3.6585
1.0332,3.6782
1.0332,3.6717
1.033,3.6837
1.0332,3.687
1.033,3.6995
1.033,3.6551
1.0331,3.6473
1.0331,3.7119
1.0331,3.7138
1.033,3.7185
1.033,3.7288
1.0329,3.6864
1.0329,3.6755
1.0329,3.6923
1.0328,3.7308
1.0331,3.7078
1.0328,3.7267
1.0328,3.7248
1.0328,3.7816
1.0329,3.7579
1.0327,3.7351
1.033,3.7596
1.0328,3.7192
1.0328,3.8068
1.033,3.8051
1.033,3.7963
1.0329,3.7372
1.0326,3.8192
1.0327,3.7585
1.0327,3.8335
1.0326,3.8325
1.0329,3.8075
1.0327,3.8575
1.0326,3.7784
1.0326,3.8475
1.0328,3.7876
1.0327,3.8606
1.0327,3.8009
1.0327,3.8455
1.0327,3.8882
1.0327,3.8756
1.0326,3.9046
1.0326,3.855
1.0327,3.8358
1.0327,3.836
1.0326,3.9199
1.0326,3.9214
1.0327,3.9253
1.0326,3.8549
1.0327,3.8758
1.0325,3.9415
1.0325,3.9298
1.0326,3.9159
1.0324,3.8882
1.0325,3.9348
1.0326,3.9842
1.0326,3.9198
1.0325,3.9604
1.0326,3.9435
1.0326,3.9426
1.0325,3.9281
1.0325,4.0028
1.0325,3.9616
1.0325,3.9587
1.0324,3.9992
1.0324,3.9688
1.0323,3.993
1.0322,4.013
1.032,4.0097
1.0322,3.9894
1.0322,4.029
1.032,4.0215
1.0321,4.0435
1.0319,4.0599
1.0317,4.0127
1.0316,4.0528
1.0316,4.0815
1.0317,4.0192
1.0314,4.0956
1.0315,4.0261
1.0313,4.0402
1.0312,4.1006
1.0311,4.0378
1.031,4.0611
1.0312,4.0914
1.031,4.136
1.0311,4.0889
1.0309,4.1296
1.031,4.1475
1.0311,4.0711
1.031,4.1587
1.0311,4.0819
1.0311,4.1705
1.0311,4.1189
1.031,4.1257
1.0311,4.194
1.031,4.1949
1.0309,4.1988
1.031,4.1357
1.031,4.1432
1.031,4.1816
1.0308,4.1805
1.031,4.1469
1.0309,4.1846
1.031,4.2443
1.0311,4.2337
1.031,4.215
1.0309,4.241
1.0311,4.2084
1.0309,4.2436
1.031,4.2081
1.0308,4.233
1.0309,4.2402
1.0308,4.2093
1.0309,4.2322
1.0309,4.3104
1.0308,4.2775
1.0308,4.2309
1.0308,4.2358
1.0307,4.3296
1.0308,4.2941
1.0307,4.3169
1.0307,4.3223
1.0308,4.2788
1.0308,4.3372
1.0308,4.3499
1.0308,4.3514
1.0307,4.3588
1.0307,4.3321
1.0306,4.3152
1.0306,4.3715
1.0306,4.3616
1.0308,4.3143
1.0306,4.3391
1.0307,4.3951
1.0307,4.3306
1.0307,4.4065
1.0307,4.3987
1.0307,4.4194
1.0307,4.3451
1.0306,4.349
1.0307,4.4105
1.0306,4.3668
1.0306,4.4033
1.0307,4.4248
1.0306,4.4563
1.0307,4.4152
1.0307,4.4714
1.0307,4.4743
1.0306,4.414
1.0307,4.4127
1.0305,4.4655
1.0305,4.4916
1.0306,4.4577
1.0307,4.4411
1.0306,4.4394
1.0306,4.4363
1.0306,4.5176
1.0306,4.5145
1.0307,4.5122
1.0307,4.5036
1.0306,4.4571
1.0306,4.5369
1.0305,4.4691
1.0305,4.5638
1.0306,4.5076
1.0307,4.4907
1.0306,4.5584
1.0305,4.5708
1.0305,4.5528
1.0305,4.5354
1.0307,4.5644
1.0306,4.5719
1.0307,4.5568
1.0304,4.6121
1.0305,4.6157
1.0305,4.5957
1.0306,4.5868
1.0307,4.626
1.0307,4.6459
1.0306,4.567
1.0306,4.6179
1.0305,4.5883
1.0306,4.6597
1.0306,4.5954
1.0306,4.5908
1.0307,4.6445
1.0306,4.6873
1.0306,4.6422
1.0306,4.6914
1.0306,4.6828
1.0305,4.6646
1.0306,4.6402
1.0306,4.6399
1.0307,4.7221
1.0306,4.6772
1.0307,4.7233
1.0305,4.6816
1.0304,4.6876
1.0305,4.7459
1.0306,4.6917
1.0304,4.722
1.0305,4.7631
1.0307,4.7022
1.0305,4.7743
1.0304,4.7269
1.0306,4.7818
1.0305,4.7599
1.0306,4.7353
1.0306,4.7415
1.0305,4.7745
1.0305,4.7976
1.0305,4.8223
1.0305,4.7718
1.0305,4.7562
1.0306,4.8346
1.0305,4.7744
1.0305,4.856
1.0307,4.8045
1.0305,4.8683
1.0306,4.863
1.0306,4.8801
1.0305,4.879
1.0304,4.8331
1.0304,4.824
1.0305,4.856
1.0304,4.8256
1.0304,4.8891
1.0305,4.8928
1.0306,4.9038
1.0305,4.8948
1.0305,4.8762
1.0305,4.8671
1.0307,4.9097
1.0304,4.9005
1.0304,4.8775
1.0304,4.9447
1.0305,4.9352
1.0305,4.9046
1.0304,4.9743
1.0304,4.9103
1.0304,4.9149
1.0304,4.9174
1.0304,4.9235
1.0304,5.0031
1.0303,4.9999
1.0306,5.0167
1.0305,5.0006
1.0305,5.002
1.0305,5.0319
1.0305,5.0344
1.0305,5.0372
1.0303,4.9687
1.0304,5.0084
1.0304,5.0361
1.0304,5.0716
1.0304,5.0008
1.0303,5.0711
1.0304,5.0899
1.0304,5.0716
1.0304,5.063
1.0304,5.1112
1.0304,5.0364
1.0305,5.042
1.0304,5.0525
1.0303,5.1404
1.0303,5.1193
1.0305,5.1137
1.0304,5.1191
1.0304,5.1779
1.0303,5.1316
1.0305,5.1943
1.0305,5.1324
1.0304,5.2169
1.0303,5.2565
1.0303,5.2822
1.0302,5.2982
1.0302,5.3314
1.0303,5.3619
1.0304,5.4202
1.0304,5.5171
1.0304,5.533
1.0303,5.5593
1.0303,5.5361
1.0303,5.5906
1.0303,5.6395
1.0302,5.6705
1.03,5.6676
1.0301,5.7422
1.0302,5.7562
1.0301,5.8045
1.0302,5.8268
1.0301,5.8574
1.0301,5.8193
1.0302,5.8745
1.03,5.8288
1.0301,5.9093
1.0301,5.9637
1.03,5.9339
1.0301,6.0159
